1 12727
1 12550
1 20357
1 21147
1 9969
1 6071
1 2533
1 22943
1 19697
1 5697
1 19633
1 20318
1 2648
1 2510
1 23146
1 19680
1 11448
1 903
1 16390
1 6786
1 9977
1 7779
1 25716
1 13226
1 8820
1 10725
1 24137
1 20043
1 24592
1 15894
1 19020
1 19267
1 17342
1 5892
1 5344
1 22362
1 13915
1 15039
1 22233
1 1274
1 15000
1 11727
1 3920
1 968
1 13495
1 8540
1 14749
1 13123
1 16125
1 7936
1 4394
1 21490
1 715
1 11158
1 11655
1 19268
1 3905
1 19383
1 12099
1 20653
1 5279
1 2278
1 19483
1 5427
1 1046
1 18166
1 18667
1 5875
1 34
1 15163
1 13881
1 12925
1 19381
1 19980
1 19804
1 11095
1 6916
1 10675
1 16625
1 16140
1 16125
1 24939
1 15649
1 5313
1 545
1 17487
1 4358
1 3690
1 16862
1 400
1 17710
1 15688
1 22079
1 23222
1 12025
1 1684
1 10324
1 7650
1 3702
1 5672
1 17373
1 9299
1 25015
1 4501
1 14744
1 13320
1 891
1 12627
1 21314
1 8234
1 8145
1 21732
1 11040
1 9455
1 18446
1 1857
1 3507
1 14548
1 3476
1 3989
1 13474
1 15228
1 16815
1 22903
1 400
1 6477
1 20803
1 5548
1 16384
1 629
1 14450
1 21827
1 25484
1 13975
1 18498
1 23558
1 20188
1 24030
1 20653
1 14933
1 18712
1 18064
1 25448
1 6664
1 25477
1 24191
1 1573
1 5288
1 5262
1 19027
1 467
1 8536
1 12714
1 8665
1 14451
1 24199
1 8865
1 21199
1 1046
1 8400
1 22889
1 20000
1 16941
1 2486
1 16573
1 660
1 6354
1 5214
1 16914
1 25368
1 9222
1 2120
1 1000
1 17924
1 21156
1 13465
1 15798
1 15426
1 12112
1 20538
1 20576
1 17239
1 5098
1 16705
1 20646
1 14057
1 12978
1 13666
1 23405
1 25886
1 1157
1 13396
1 6356
1 24780
1 17487
1 12328
1 588
1 7482
1 4660
1 23594
1 25418
1 13044
1 16399
1 9417
1 15407
1 15411
1 4599
1 19857
1 16694
1 17883
1 25415
1 25430
1 21923
1 24992
1 11382
1 25873
1 23976
1 4134
1 19923
1 14605
1 21930
1 138
1 12965
1 2459
1 20427
1 16461
1 4936
1 21170
1 24010
1 7720
1 15514
1 15894
1 11359
1 18883
1 17915
1 2801
1 1703
1 12341
1 23156
1 23178
1 14902
1 10726
1 19533
1 1111
1 15701
1 19470
1 19526
1 4882
1 17382
1 20848
1 16927
1 4010
1 25251
1 4545
1 24713
1 19493
1 16294
1 19432
1 3499
1 23281
1 24255
1 9984
1 1261
1 23033
1 5717
1 1301
1 410
1 25343
1 24784
1 16055
1 8697
1 9177
1 22930
1 14762
1 13519
1 12882
1 25706
1 19105
1 3016
1 5259
1 2679
1 22889
1 5149
1 23676
1 25923
1 20738
1 10324
1 2660
1 9776
1 4531
1 10007
1 15280
1 714
1 21315
1 6925
1 18438
1 2577
1 5398
1 19975
1 23566
1 12983
1 22666
1 20963
1 14608
1 3095
1 9548
1 18323
1 10669
1 5165
1 15662
1 25633
1 12231
1 6659
1 22320
1 17449
1 20287
1 21653
1 22889
1 2762
1 19761
1 18542
1 21490
1 6328
1 15137
1 14933
1 21840
1 22677
1 24114
1 16351
1 22382
1 9535
1 10117
1 5308
1 2219
1 19111
1 10869
1 25877
1 97
1 20465
1 17678
1 11963
1 23897
1 18532
1 3475
1 25566
1 2162
1 23832
1 18917
1 19865
1 14561
1 15615
1 14126
1 13971
1 17536
1 4080
1 10949
1 12098
1 17188
1 20593
1 18691
1 25368
1 2815
1 3489
1 1082
1 11764
1 19580
1 17487
1 9023
1 588
1 21184
1 17696
1 17501
1 17265
1 13537
1 9751
1 16793
1 6391
1 21819
1 5814
1 7499
1 6585
1 9915
1 7874
1 1228
1 18420
1 17456
1 7459
1 23018
1 16351
1 5378
1 12614
1 20728
1 9943
1 3704
1 11132
1 20259
1 10920
1 18086
1 7866
1 9461
1 10947
1 22011
1 7274
1 10990
1 17624
1 12075
1 12112
1 25423
1 24271
1 18935
1 20866
1 4074
1 8257
1 6071
1 4275
1 23058
1 22820
1 9526
1 14377
1 4489
1 7178
1 25103
1 19751
1 15207
1 9400
1 18259
1 14937
1 20449
1 22379
1 18099
1 21415
1 3537
1 10913
1 21486
1 20866
1 7192
1 6537
1 16552
1 21070
1 20859
1 11867
1 368
1 2437
1 19730
1 6042
1 9778
1 17487
1 22477
1 13980
1 6437
1 19841
1 19078
1 10942
1 3131
1 7816
1 21093
1 5424
1 13950
1 358
1 8924
1 25933
1 9311
1 279
1 2152
1 24336
1 6923
1 16955
1 11473
1 15564
1 7294
1 4171
1 21885
1 15542
1 13341
1 19110
1 9716
1 22889
1 24961
1 23501
1 25546
1 20660
1 8812
1 15053
1 9827
1 8375
1 21732
1 25873
1 19865
1 18005
1 24321
1 11279
1 8694
1 9276
1 11397
1 20605
1 5112
1 5721
1 7618
1 8245
1 22794
1 22515
1 10107
1 2898
1 8636
1 20571
1 4460
1 6116
1 23215
1 24563
1 21610
1 131
1 2734
1 18630
1 16807
1 17212
1 12656
1 13841
1 15137
1 23360
1 25149
1 8581
1 5760
1 15601
1 25439
1 22178
1 17514
1 10438
1 10126
1 22889
1 12480
1 24199
1 24769
1 23960
1 15853
1 9803
1 25866
1 6515
1 19590
1 24317
1 13399
1 9446
1 24398
1 4444
1 16694
1 13611
1 23019
1 1423
1 7024
1 10238
1 21284
1 17487
1 12619
1 13856
1 24166
1 6198
1 20479
1 9911
1 15894
1 856
1 1506
1 25601
1 8764
1 25428
1 19865
1 22233
1 22871
1 19114
1 14951
1 25851
1 995
1 6893
1 16083
1 4023
1 9565
1 9930
1 7004
1 20770
1 3237
1 5259
1 10499
1 5947
1 2950
1 10382
1 5095
1 18050
1 12627
1 14669
1 23455
1 6116
1 11236
1 2173
1 15289
1 10290
1 25722
1 5207
1 24179
1 19110
1 4754
1 22524
1 12554
1 13599
1 11022
1 21681
1 265
1 23055
1 19498
1 6282
1 1691
1 18281
1 12550
1 25645
1 23383
1 24205
1 14700
1 13465
1 2943
1 18721
1 2809
1 3565
1 6928
1 22865
1 11468
1 1841
1 22027
1 5539
1 23265
1 17159
1 2152
1 6188
1 5781
1 695
1 20904
1 267
1 25375
1 9548
1 1578
1 12490
1 8435
1 15647
1 14960
1 24029
1 9695
1 7085
1 15615
1 15414
1 8628
1 5261
1 23984
1 351
1 14498
1 3646
1 12061
1 17355
1 17210
1 10465
1 15894
1 9222
1 17136
1 18875
1 24553
1 4203
1 16436
1 10862
1 25203
1 1589
1 9581
1 17146
1 8892
1 17203
1 8823
1 16997
1 10618
1 19078
1 17146
1 20676
1 1678
1 6226
1 16863
1 714
1 22005
1 10011
1 14837
1 16941
1 18953
1 19111
1 9285
1 2621
1 23241
1 4754
1 138
1 17487
1 7285
1 8628
1 11965
1 19892
1 25225
1 3467
1 24080
1 23990
1 8695
1 5960
1 9308
1 21351
1 12921
1 13400
1 15407
1 25627
1 13857
1 22730
1 9222
1 24070
1 2002
1 3950
1 19647
1 21501
1 190
1 4345
1 19181
1 7731
1 4533
1 1586
1 5788
1 23925
1 11309
1 4643
1 2489
1 21426
1 20119
1 12893
1 2328
1 849
1 16101
1 13389
1 19447
1 13588
1 16307
1 16837
1 2531
1 8889
1 6014
1 16742
1 20295
1 24769
1 5596
1 1568
1 14831
1 17228
1 7938
1 22274
1 715
1 17500
1 14883
1 13570
1 13278
1 5498
1 7285
1 25485
1 19630
1 2920
1 715
1 21003
1 22080
1 25940
1 6945
1 4839
1 9222
1 15137
1 401
1 6284
1 5176
1 10600
1 21238
1 2702
1 19306
1 11662
1 9158
1 9511
1 9723
1 16889
1 24561
1 17487
1 2661
1 25424
1 24374
1 24744
1 15333
1 18870
1 20912
1 16319
1 4367
1 5788
1 21720
1 1976
1 20445
1 23352
1 6914
1 18106
1 12976
1 24014
1 17487
1 13319
1 16495
1 9685
1 3092
1 12293
1 18216
1 17895
1 7146
1 588
1 3298
1 19043
1 14153
1 17340
1 3898
1 8406
1 21633
1 16670
1 6956
1 16941
1 22889
1 643
1 17587
1 14729
1 2172
1 3959
1 9050
1 21407
1 1420
1 21637
1 11402
1 9222
1 21691
1 6647
1 5891
1 13831
1 19470
1 9494
1 16930
1 24858
1 14860
1 11959
1 13715
1 2098
1 13341
1 7102
1 3369
1 12807
1 4543
1 7701
1 839
1 3224
1 14397
1 3131
1 19345
1 5651
1 20941
1 1704
1 5426
1 14054
1 20765
1 14456
1 12993
1 16879
1 24966
1 10257
1 14760
1 19959
1 9663
1 787
1 17303
1 5788
1 8778
1 23026
1 8628
1 6916
1 15615
1 13278
1 25225
1 21234
1 12845
1 712
1 22032
1 21130
1 4047
1 19111
1 22688
1 16772
1 4754
1 5513
1 8767
1 12738
1 22889
1 22170
1 13791
1 6181
1 3813
1 8238
1 7584
1 11503
1 21706
1 2835
1 22063
1 2398
1 13881
1 23264
1 2088
1 1408
1 2710
1 15053
1 16129
1 12901
1 22516
1 19482
1 13931
1 6167
1 21673
1 19981
1 12855
1 138
1 13799
1 12631
1 21072
1 24263
1 13639
1 21682
1 23627
1 2972
1 7847
1 12576
1 3132
1 23292
1 2452
1 3639
1 11454
1 5038
1 1906
1 4873
1 432
1 12694
1 18594
1 22001
1 5228
1 13297
1 9601
1 15595
1 15573
1 22390
1 22120
1 265
1 20528
1 8476
1 20642
1 6446
1 25708
1 6167
1 19712
1 18534
1 9360
1 14557
1 11886
1 2236
1 15860
1 3315
1 12879
1 19730
1 11526
1 12215
1 18639
1 14984
1 16860
1 22960
1 25015
1 4628
1 6734
1 15228
1 13431
1 11577
1 9547
1 11998
1 4892
1 16694
1 4352
1 21860
1 24090
1 24398
1 14524
1 2773
1 7690
1 19063
1 11577
1 7255
1 2674
1 2590
1 2339
1 22246
1 6064
1 15542
1 8943
1 18417
1 20465
1 18415
1 3498
1 327
1 14630
1 19111
1 12165
1 22707
1 742
1 2184
1 7845
1 19959
1 22354
1 11718
1 957
1 6982
1 18649
1 14515
1 4801
1 7379
1 660
1 24450
1 23904
1 11433
1 24977
1 16771
1 6361
1 16826
1 25382
1 19396
1 23976
1 15115
1 13201
1 24904
1 4396
1 1749
1 5788
1 21069
1 8186
1 10972
1 16381
1 5877
1 4717
1 15060
1 9640
1 11211
1 10444
1 14108
1 5610
1 14249
1 25669
1 23345
1 23385
1 13466
1 2257
1 3030
1 25562
1 24764
1 7430
1 10090
1 1617
1 20238
1 7120
1 362
1 4132
1 22889
1 3231
1 24565
1 14486
1 9461
1 16006
1 2014
1 4377
1 3244
1 7388
1 16673
1 23337
1 13167
1 19254
1 7701
1 19533
1 13074
1 25642
1 7120
1 213
1 11844
1 22694
1 27
1 5190
1 3023
1 5629
1 4710
1 17699
1 19865
1 20887
1 17456
1 22189
1 8863
1 749
1 22546
1 2751
1 13210
1 11022
1 14519
1 18507
1 15972
1 13508
1 5331
1 13919
1 22125
1 15299
1 11427
1 23898
1 3839
1 22601
1 14415
1 1608
1 18247
1 20517
1 23140
1 18179
1 12036
1 10436
1 24398
1 15064
1 18179
1 24725
1 22309
1 3570
1 8663
1 14024
1 15156
1 1911
1 2808
1 5310
1 11243
1 25873
1 19110
1 4248
1 2563
1 8865
1 25297
1 7145
1 20945
1 15789
1 15536
1 21131
1 21104
1 17647
1 4641
1 10047
1 15958
1 14428
1 5805
1 19490
1 15073
1 24825
1 24199
1 18294
1 23706
1 4624
1 24417
1 3166
1 17487
1 1147
1 21894
1 8399
1 10401
1 16582
1 22925
1 7643
1 19170
1 16260
1 16719
1 5855
1 997
1 2571
1 13074
1 13151
1 2638
1 11204
1 18491
1 17487
1 21168
1 316
1 16314
1 18554
1 25761
1 4603
1 16694
1 7529
1 9571
1 10669
1 5808
1 14488
1 15722
1 1888
1 19382
1 17884
1 6659
1 14395
1 4618
1 15127
1 16363
1 19533
1 9014
1 7419
1 22484
1 19413
1 23471
1 8947
1 23055
1 22282
1 558
1 6826
1 3680
1 10523
1 14547
1 24719
1 16990
1 17696
1 17814
1 15309
1 12447
1 23027
1 25001
1 17602
1 15283
1 15833
1 6189
1 11585
1 18882
1 7584
1 7855
1 9981
1 19229
1 30
1 8832
1 11030
1 14298
1 14916
1 25562
1 12709
1 1260
1 5891
1 22830
1 301
1 17487
1 2571
1 24027
1 5753
1 1905
1 7459
1 7487
1 4341
1 8834
1 17106
1 23929
1 22155
1 10311
1 2978
1 1922
1 23382
1 5924
1 8038
1 6046
1 20184
1 1250
1 12359
1 23134
1 16021
1 25071
1 10409
1 18669
1 22889
1 21076
1 14648
1 16694
1 742
1 4431
1 20287
1 17293
1 3367
1 23526
1 12281
1 3907
1 23300
1 3614
1 19714
1 19254
1 322
1 14783
1 13704
1 3084
1 8568
1 5535
1 589
1 11194
1 1012
1 14700
1 14669
1 6725
1 8904
1 21027
1 6529
1 18721
1 23246
1 8865
1 5174
1 25576
1 2121
1 24764
1 8257
1 9024
1 19630
1 6188
1 6804
1 9078
1 23723
1 9430
1 17635
1 17487
1 5295
1 25530
1 22142
1 16789
1 17887
1 7528
1 14506
1 4805
1 23976
1 10431
1 311
1 12545
1 6652
1 7968
1 8982
1 351
1 19865
1 14914
1 4007
1 16826
1 6480
1 17931
1 2366
1 17475
1 18105
1 2475
1 17487
1 13006
1 14378
1 19854
1 19495
1 3430
1 1000
1 18263
1 19190
1 9416
1 25606
1 7180
1 5373
1 8367
1 8998
1 16936
1 8535
1 18110
1 11714
1 21092
1 17203
1 21271
1 6585
1 23291
1 22516
1 11833
1 3386
1 17899
1 3227
1 1674
1 6372
1 15247
1 10627
1 15184
1 14439
1 23507
1 21106
1 4641
1 12549
1 32
1 8732
1 22312
1 13304
1 24344
1 14904
1 22119
1 1598
1 3092
1 21508
1 7732
1 22995
1 6022
1 1568
1 17658
1 13160
1 5920
1 4372
1 1077
1 16164
1 12112
1 384
1 20290
1 9219
1 15322
1 22123
1 15712
1 22434
1 21086
1 24690
1 5232
1 24090
1 5891
1 5240
1 3949
1 21704
1 13679
1 24554
1 10781
1 8565
1 7087
1 3921
1 24813
1 19590
1 24766
1 10942
1 6379
1 2172
1 8158
1 8815
1 97
1 10325
1 21645
1 12570
1 6106
1 4731
1 6545
1 25352
1 11724
1 12487
1 21969
1 13016
1 22722
1 1752
1 13139
1 13277
1 3496
1 20961
1 851
1 11010
1 16175
1 3000
1 11314
1 11296
1 97
1 20941
1 18228
1 11000
1 21867
1 903
1 24761
1 19779
1 22128
1 3708
1 3232
1 9641
1 7201
1 2541
1 15434
1 19248
1 7236
1 21490
1 5719
1 24220
1 20337
1 10800
1 23281
1 12983
1 23363
1 501
1 8803
1 4602
1 20858
1 21563
1 5282
1 19532
1 11358
1 97
1 17206
1 16125
1 18556
1 12901
1 15285
1 23978
1 16451
1 23281
1 4545
1 11008
1 6707
1 13619
1 678
1 25948
1 22655
1 3592
1 22707
1 19750
1 12238
1 24383
1 5758
1 25827
1 25701
1 17221
1 3892
1 400
1 25929
1 17699
1 1833
1 25494
1 18916
1 3794
1 11450
1 9648
1 17487
1 22314
1 9555
1 20494
1 11520
1 361
1 23363
1 1043
1 18454
1 7410
1 10317
1 7542
1 18885
1 23373
1 23797
1 6282
1 3161
1 4638
1 9141
1 4797
1 11026
1 14166
1 7464
1 17102
1 7141
1 18532
1 8347
1 13998
1 9571
1 6553
1 21217
1 19659
1 16846
1 20572
1 13307
1 17751
1 11517
1 8383
1 9357
1 24583
1 6650
1 19432
1 15290
1 17500
1 24142
1 8865
1 22486
1 23457
1 339
1 19633
1 24090
1 24925
1 12875
1 14895
1 7127
1 10438
1 7887
1 3758
1 3117
1 22521
1 10431
1 19137
1 6000
1 16302
1 10950
1 6318
1 3368
1 17542
1 1698
1 13211
1 9431
1 9222
1 24792
1 11485
1 3774
1 3679
1 16534
1 631
1 11712
1 5858
1 8055
1 7432
1 16498
1 23507
1 6092
1 16989
1 1396
1 10339
1 6505
1 21231
1 14267
1 6780
1 10623
1 4988
1 5090
1 7472
1 22768
1 19618
1 21479
1 2137
1 3092
1 904
1 12926
1 25487
1 9673
1 25268
1 13501
1 20936
1 2658
1 17487
1 15833
1 5470
1 8628
1 19052
1 9080
1 1360
1 812
1 13023
1 444
1 19624
1 23128
1 21807
1 6181
1 17028
1 12856
1 10990
1 16713
1 20884
1 20120
1 10117
1 8171
1 12333
1 14428
1 13599
1 9204
1 15163
1 5889
1 7166
1 25392
1 2581
1 10730
1 327
1 5437
1 16793
1 17487
1 1888
1 6911
1 2043
1 14168
1 1589
1 11257
1 25847
1 3555
1 13310
1 15653
1 6205
1 6173
1 1155
1 3625
1 17275
1 23466
1 20809
1 1835
1 22158
1 20660
1 17239
1 4698
1 8336
1 17487
1 20660
1 17487
1 7519
1 15999
1 1506
1 22968
1 8826
1 3655
1 17937
1 5788
1 13068
1 15773
1 21403
1 2671
1 2918
1 8103
1 5053
1 16914
1 16951
1 9431
1 8109
1 16669
1 19125
1 1720
1 3
1 22375
1 20783
1 16694
1 16902
1 20248
1 715
1 1414
1 22116
1 8684
1 9601
1 25651
1 24243
1 22805
1 10961
1 4525
1 11454
1 3844
1 25410
1 5240
1 20538
1 15984
1 6641
1 20
1 23026
1 13436
1 2929
1 9482
1 20178
1 16482
1 193
1 12017
1 1919
1 5788
1 18571
1 5497
1 1645
1 11144
1 13410
1 10829
1 9521
1 11144
1 443
1 20733
1 24431
1 4633
1 3131
1 19470
1 10892
1 25152
1 21978
1 20951
1 21099
1 11591
1 13858
1 20158
1 16395
1 19771
1 3257
1 25485
1 3066
1 23194
1 22434
1 23832
1 15414
1 15871
1 24321
1 5696
1 20882
1 5564
1 21397
1 15092
1 8918
1 25825
1 12134
1 9431
1 15281
1 5198
1 4132
1 11917
1 11961
1 2761
1 3395
1 9319
1 4868
1 15616
1 6881
1 7428
1 9077
1 5163
1 10183
1 22980
1 17444
1 9423
1 1043
1 14066
1 7082
1 19019
1 3309
1 6774
1 13130
1 15127
1 3516
1 13013
1 10518
1 19070
1 986
1 8083
1 12252
1 17500
1 16846
1 18950
1 14011
1 15767
1 21417
1 2316
1 10158
1 18976
1 10901
1 23406
1 6878
1 118
1 19616
1 15716
1 11577
1 15308
1 4841
1 23064
1 24825
1 18630
1 22580
1 16736
1 24553
1 12319
1 2059
1 21545
1 16333
1 3604
1 13907
1 14502
1 12773
1 22736
1 25422
1 22553
1 10950
1 1621
1 2762
1 17778
1 10694
1 17487
1 13434
1 12156
1 4419
1 21245
1 7344
1 1923
1 4717
1 74
1 13273
1 3989
1 14832
1 8126
1 11248
1 17487
1 10611
1 23456
1 24847
1 4455
1 7823
1 2627
1 17487
1 15174
1 12336
1 11073
1 4712
1 12794
1 22889
1 10183
1 16443
1 18639
1 4134
1 23976
1 11512
1 3215
1 20961
1 5866
1 12267
1 16688
1 14403
1 24191
1 247
1 14810
1 21111
1 13604
1 14414
1 7356
1 6870
1 13505
1 22960
1 6868
1 2773
1 23030
1 12218
1 1849
1 13341
1 23832
1 1235
1 11248
1 21672
1 7695
1 19396
1 4289
1 7272
1 25837
1 17997
1 15453
1 24142
1 6760
1 15911
1 24560
1 23532
1 16118
1 4132
1 6916
1 17502
1 14416
1 2248
1 19592
1 327
1 3740
1 24116
1 20831
1 9327
1 18420
1 4710
1 8343
1 16079
1 14287
1 989
1 6475
1 17650
1 22379
1 20774
1 7344
1 249
1 14595
1 3131
1 3241
1 1337
1 10296
1 25223
1 22996
1 25481
1 10515
1 8768
1 12998
1 25428
1 13189
1 23507
1 5116
1 25838
1 20643
1 14686
1 6844
1 23200
1 16897
1 12672
1 19801
1 20886
1 19753
1 19865
1 8865
1 5058
1 6394
1 21915
1 856
1 25095
1 20284
1 19085
1 20076
1 17887
1 25418
1 12415
1 23343
1 14646
1 13946
1 24363
1 23113
1 17437
1 23157
1 12741
1 11895
1 1860
1 287
1 13129
1 17053
1 13864
1 21555
1 23042
1 4132
1 17291
1 6477
1 14036
1 17953
1 20388
1 372
1 13672
1 23158
1 6405
1 15672
1 3348
1 18608
1 22032
1 11917
1 5610
1 149
1 5872
1 12740
1 20238
1 5344
1 4844
1 11077
1 18343
1 17908
1 21621
1 21827
1 818
1 7471
1 4243
1 23212
1 20440
1 11922
1 17184
1 17571
1 16694
1 4204
1 15094
1 12
1 2771
1 20941
1 8810
1 8486
1 11952
1 19181
1 20205
1 5788
1 18723
1 12392
1 5748
1 12777
1 23582
1 14450
1 353
1 1549
1 1404
1 17584
1 270
1 857
1 17081
1 20961
1 19555
1 13039
1 13339
1 15677
1 5176
1 17026
1 24989
1 18079
1 20660
1 22296
1 7903
1 23106
1 25714
1 689
1 14688
1 2835
1 19186
1 2527
1 17487
1 22368
1 507
1 19933
1 22233
1 2523
1 21168
1 17856
1 25714
1 283
1 23568
1 4134
1 10013
1 10647
1 21617
1 19588
1 5183
1 7582
1 8684
1 2219
1 523
1 12100
1 23342
1 8536
1 16319
1 9744
1 258
1 601
1 9695
1 6812
1 20117
1 11771
1 17775
1 12025
1 13457
1 22204
1 10567
1 20912
1 24142
1 5656
1 14252
1 12054
1 9571
1 19632
1 2629
1 8406
1 23055
1 12050
1 8338
1 8135
1 15166
1 18887
1 17857
1 2238
1 10929
1 20553
1 800
1 2990
1 15545
1 21169
1 17563
1 19590
1 1662
1 1186
1 16694
1 6243
1 1474
1 8944
1 5317
1 2445
1 613
1 18543
1 14167
1 23090
1 21760
1 227
1 14108
1 8644
1 20757
1 4632
1 17846
1 15296
1 2592
1 18116
1 7666
1 25834
1 13084
1 9222
1 10714
1 3416
1 1554
1 11757
1 5497
1 13226
1 10711
1 3910
1 10823
1 3908
1 7851
1 22453
1 15083
1 18984
1 8974
1 4788
1 10950
1 17616
1 16454
1 4229
1 13443
1 20653
1 22889
1 1823
1 20479
1 2990
1 21303
1 1063
1 13884
1 2483
1 4658
1 21170
1 1948
1 12083
1 11757
1 5615
1 8406
1 17615
1 6870
1 457
1 2942
1 16619
1 2030
1 3592
1 8959
1 1823
1 11999
1 21030
1 21245
1 1274
1 2790
1 16291
1 22022
1 8602
1 7496
1 13619
1 21513
1 17373
1 270
1 501
1 14498
1 19751
1 1076
1 3205
1 16960
1 16719
1 16126
1 15945
1 5762
1 17135
1 21408
1 19759
1 13467
1 2177
1 2356
1 15303
1 11503
1 8423
1 13750
1 5038
1 5866
1 20694
1 8024
1 23436
1 9222
1 22719
1 14227
1 153
1 10677
1 15949
1 1480
1 21618
1 17887
1 23507
1 7468
1 17636
1 12025
1 675
1 12884
1 23429
1 23146
1 4660
1 11915
1 15428
1 18135
1 848
1 13104
1 13599
1 16429
1 519
1 20311
1 20471
1 23209
1 6328
1 25643
1 12039
1 11718
1 15316
1 6318
1 213
1 23990
1 23717
1 18029
1 21664
1 7017
1 14681
1 13741
1 14085
1 17895
1 6916
1 22768
1 17810
1 3911
1 17424
1 4482
1 13599
1 7513
1 1839
1 20660
1 7120
1 8038
1 15571
1 11022
1 13389
1 12025
1 885
1 14671
1 23403
1 16393
1 24431
1 7404
1 25174
1 24760
1 3592
1 4061
1 9903
1 5259
1 13360
1 22889
1 5527
1 1022
1 16635
1 24592
1 6066
1 6019
1 10951
1 22909
1 16149
1 6254
1 24193
1 20132
1 5757
1 20345
1 21334
1 24496
1 102
1 25225
1 3386
1 14321
1 7246
1 17842
1 25880
1 11697
1 15030
1 400
1 3386
1 1846
1 6825
1 16325
1 10515
1 5684
1 10481
1 7942
1 923
1 23900
1 2932
1 7720
1 8697
1 12285
1 16793
1 10868
1 22889
1 15069
1 19590
1 8257
1 14508
1 15492
1 24654
1 20235
1 9374
1 9526
1 6971
1 25664
1 14066
1 11426
1 19212
1 17351
1 1640
1 24299
1 3129
1 6705
1 6192
1 12778
1 10492
1 4654
1 3265
1 17248
1 11561
1 3782
1 7621
1 16987
1 15194
1 3351
1 11913
1 24321
1 24310
1 24438
1 25168
1 9567
1 24105
1 4651
1 23804
1 10204
1 17224
1 17797
1 4519
1 6297
1 9495
1 21830
1 17081
1 24191
1 4611
1 22126
1 23594
1 19370
1 14872
1 11465
1 25450
1 4712
1 23039
1 9032
1 1170
1 4698
1 3295
1 24327
1 12597
1 24989
1 10990
1 6943
1 2076
1 20468
1 17036
1 19003
1 4875
1 17682
1 16719
1 7674
1 2268
1 192
1 19170
1 23976
1 10865
1 13644
1 22557
1 24702
1 4139
1 21328
1 23102
1 16018
1 7217
1 2731
1 24062
1 2783
1 6192
1 227
1 9054
1 18169
1 25498
1 7610
1 25197
1 6092
1 21620
1 14019
1 18662
1 16846
1 8793
1 12384
1 19341
1 21647
1 19784
1 23947
1 12323
1 10597
1 20082
1 11263
1 13389
1 12468
1 2183
1 2208
1 15540
1 12541
1 3932
1 23990
1 13663
1 5813
1 7561
1 11520
1 25096
1 3907
1 16032
1 2922
1 17487
1 9925
1 22956
1 23788
1 4710
1 9537
1 20351
1 323
1 6181
1 130
1 4628
1 1430
1 9772
1 7120
1 17833
1 2370
1 4712
1 13505
1 9197
1 7542
1 14208
1 10834
1 850
1 22654
1 3171
1 11446
1 23214
1 9020
1 22651
1 21479
1 8001
1 2648
1 3918
1 21125
1 24401
1 3458
1 8257
1 17340
1 15873
1 23148
1 1373
1 2226
1 5560
1 10401
1 17757
1 21938
1 1919
1 2478
1 14086
1 620
1 20620
1 20409
1 19559
1 19486
1 5650
1 5335
1 1844
1 18486
1 6181
1 25709
1 18644
1 22892
1 24165
1 20611
1 5624
1 24260
1 15882
1 319
1 7791
1 24904
1 22662
1 8735
1 3654
1 3067
1 7031
1 14442
1 1817
1 24825
1 21524
1 138
1 7520
1 8918
1 3405
1 15337
1 21006
1 9813
1 764
1 20560
1 11012
1 18739
1 16260
1 22801
1 9286
1 8703
1 17487
1 2671
1 9478
1 5215
1 17303
1 14686
1 20986
1 8285
1 8888
1 17140
1 9070
1 2525
1 8210
1 1322
1 23643
1 13836
1 24803
1 20834
1 22532
1 2507
1 4058
1 10038
1 15064
1 21070
1 1012
1 1097
1 4652
1 22284
1 24326
1 7041
1 13544
1 14149
1 8143
1 12550
1 25899
1 15645
1 14628
1 23720
1 23336
1 175
1 17740
1 21668
1 23858
1 9938
1 10689
1 11954
1 23229
1 11133
1 248
1 23682
1 15477
1 3613
1 14401
1 4321
1 13467
1 941
1 20127
1 11720
1 1248
1 11402
1 2719
1 1488
1 2293
1 23711
1 8495
1 22586
1 1224
1 6394
1 20961
1 1805
1 11718
1 1336
1 9402
1 10276
1 18001
1 9357
1 13690
1 19348
1 15716
1 20484
1 1429
1 2886
1 14902
1 1320
1 2183
1 22463
1 10516
1 1953
1 10218
1 7144
1 11727
1 839
1 8658
1 16413
1 4677
1 22185
1 14273
1 13751
1 6711
1 16175
1 9265
1 24588
1 24381
1 1741
1 5105
1 5538
1 14933
1 4308
1 22226
1 839
1 2205
1 3639
1 14669
1 24978
1 485
1 11828
1 17045
1 13946
1 14646
1 12061
1 16793
1 23776
1 14746
1 25168
1 21801
1 20076
1 16826
1 9001
1 4970
1 13790
1 18630
1 7796
1 25424
1 15019
1 3511
1 6388
1 4811
1 5609
1 21076
1 2584
1 25418
1 9355
1 20407
1 17906
1 14963
1 24090
1 20673
1 10527
1 10850
1 10354
1 2661
1 17299
1 11743
1 18630
1 6045
1 7260
1 3280
1 5542
1 19533
1 24901
1 5273
1 15694
1 9576
1 21386
1 839
1 9001
1 1957
1 12580
1 16208
1 19590
1 19394
1 19204
1 18363
1 24142
1 24053
1 17351
1 18266
1 16986
1 19959
1 11817
1 15693
1 4986
1 15453
1 9431
1 22614
1 19915
1 19657
1 15069
1 22889
1 4710
1 5471
1 5276
1 18661
1 9755
1 12874
1 11718
1 14180
1 13546
1 9708
1 7701
1 8065
1 13505
1 25584
1 17716
1 22810
1 14851
1 2378
1 21484
1 786
1 3131
1 9805
1 12585
1 10107
1 5447
1 717
1 2835
1 6205
1 14127
1 257
1 10286
1 19088
1 13992
1 20884
1 4653
1 8703
1 11897
1 9867
1 8482
1 17615
1 2132
1 6427
1 16186
1 15415
1 2102
1 14842
1 20941
1 5818
1 23763
1 6066
1 1124
1 2488
1 684
1 715
1 715
1 11269
1 6393
1 14108
1 21598
1 11740
1 13211
1 16694
1 8331
1 3335
1 15317
1 5990
1 13679
1 23976
1 5946
1 9569
1 17128
1 21215
1 11216
1 23405
1 25903
1 5129
1 21180
1 3298
1 13778
1 25545
1 1209
1 14513
1 3370
1 19772
1 4574
1 8865
1 2660
1 24431
1 9360
1 6597
1 14140
1 7784
1 6392
1 16557
1 6273
1 10196
1 11236
1 19298
1 4659
1 11570
1 24862
1 17486
1 12909
1 16806
1 7131
1 10102
1 17487
1 13092
1 434
1 6175
1 10868
1 15458
1 11433
1 12140
1 320
1 15033
1 19167
1 8679
1 6667
1 20468
1 21637
1 23102
1 12577
1 2326
1 17500
1 23472
1 20148
1 3476
1 15284
1 21284
1 8217
1 5036
1 17950
1 3670
1 18583
1 5809
1 13864
1 13502
1 15275
1 6943
1 15347
1 9075
1 2518
1 19621
1 2168
1 20104
1 6916
1 18520
1 20677
1 14901
1 5113
1 22657
1 5175
1 16311
1 18944
1 3582
1 3898
1 10924
1 13465
1 5788
1 21827
1 8628
1 9222
1 6617
1 24672
1 18999
1 21485
1 14156
1 1017
1 766
1 12852
1 16239
1 25379
1 5334
1 6181
1 17228
1 17267
1 3866
1 9770
1 9526
1 23941
1 20642
1 1284
1 400
1 18383
1 14697
1 6627
1 21479
1 4026
1 6804
1 14385
1 9251
1 19004
1 9358
1 9778
1 11678
1 19843
1 17556
1 15128
1 20461
1 849
1 4936
1 15588
1 8513
1 23409
1 11377
1 21919
1 5644
1 7716
1 15143
1 19633
1 11457
1 849
1 15066
1 71
1 2679
1 3625
1 20435
1 16369
1 3281
1 22596
1 118
1 10809
1 16583
1 536
1 1568
1 22202
1 8775
1 11800
1 22394
1 4592
1 23811
1 19939
1 22409
1 21848
1 4454
1 15083
1 1012
1 12342
1 12105
1 2457
1 2742
1 24456
1 10166
1 20357
1 19638
1 9124
1 14814
1 1823
1 8877
1 14519
1 236
1 5248
1 20671
1 20727
1 17229
1 5252
1 4887
1 6188
1 16694
1 11998
1 24707
1 19159
1 2700
1 24866
1 16477
1 16979
1 6136
1 5009
1 11743
1 4032
1 23018
1 18737
1 21207
1 15137
1 2055
1 24398
1 2648
1 4068
1 6284
1 17523
1 22399
1 14365
1 24306
1 3892
1 15034
1 15223
1 19026
1 23940
1 6937
1 10324
1 15601
1 24000
1 25854
1 8290
1 2048
1 17623
1 22852
1 13791
1 13278
1 6928
1 24751
1 5671
1 3451
1 13881
1 5783
1 2581
1 25423
1 25040
1 10207
1 11773
1 5542
1 10089
1 21366
1 2081
1 18386
1 13578
1 1895
1 9025
1 7225
1 22631
1 12706
1 10831
1 3008
1 23836
1 21747
1 21728
1 9308
1 5510
1 9435
1 17487
1 16408
1 5702
1 25947
1 1888
1 12703
1 14221
1 15200
1 25432
1 9945
1 11411
1 5479
1 10356
1 5447
1 3869
1 1304
1 2043
1 9526
1 6303
1 9485
1 23960
1 22060
1 16458
1 19751
1 22614
1 19488
1 19928
1 9222
1 5667
1 22285
1 6741
1 984
1 3119
1 17487
1 2058
1 21755
1 13803
1 9574
1 10647
1 11536
1 21124
1 19470
1 20832
1 12532
1 1474
1 19774
1 16495
1 9981
1 3907
1 3332
1 25418
1 15376
1 2192
1 13084
1 12025
1 9516
1 19819
1 24606
1 5440
1 12102
1 6475
1 19834
1 17921
1 12238
1 23356
1 24501
1 5196
1 1743
1 9537
1 11521
1 8311
1 19254
1 9319
1 2172
1 11728
1 15542
1 3301
1 21130
1 2815
1 8620
1 25847
1 15787
1 20763
1 12247
1 13490
1 5297
1 18613
1 13931
1 9378
1 11902
1 20043
1 22140
1 21667
1 20351
1 24741
1 15242
1 19511
1 15615
1 24235
1 10074
1 19836
1 999
1 12026
1 21400
1 21507
1 22051
1 307
1 787
1 19105
1 16115
1 7402
1 406
1 17267
1 3696
1 15069
1 1351
1 6226
1 6226
1 14490
1 5165
1 23634
1 15453
1 8705
1 7555
1 20973
1 23559
1 10446
1 15135
1 715
1 6141
1 12290
1 3433
1 25512
1 4571
1 11572
1 18532
1 24364
1 14476
1 15568
1 1607
1 2681
1 7632
1 4283
1 6774
1 2248
1 8257
1 12033
1 838
1 6640
1 2172
1 10942
1 6541
1 23832
1 23762
1 23897
1 23585
1 14421
1 22091
1 12499
1 15740
1 16971
1 19539
1 443
1 14924
1 2821
1 5756
1 5282
1 11360
1 23103
1 21827
1 12291
1 6172
1 16115
1 80
1 3282
1 12094
1 2571
1 5788
1 3566
1 15248
1 11190
1 7017
1 23268
1 21630
1 16339
1 17693
1 9906
1 24581
1 9486
1 7489
1 14751
1 516
1 2985
1 22529
1 25230
1 9436
1 24612
1 21998
1 3592
1 10811
1 12054
1 3565
1 12186
1 12096
1 6409
1 20870
1 5338
1 23113
1 6781
1 9222
1 11175
1 22074
1 6510
1 8648
1 24553
1 2985
1 15069
1 8416
1 24432
1 8178
1 16343
1 25191
1 18538
1 14335
1 7281
1 1009
1 27
1 7874
1 10905
1 5855
1 22868
1 10401
1 7309
1 9972
1 12882
1 21266
1 21170
1 13795
1 1176
1 6956
1 13662
1 17019
1 17733
1 3797
1 15034
1 22280
1 5083
1 25604
1 7033
1 19854
1 13857
1 25181
1 2687
1 11237
1 16494
1 17910
1 15094
1 1234
1 7381
1 3559
1 4533
1 24839
1 5788
1 5030
1 25924
1 15343
1 16319
1 19586
1 3704
1 22889
1 22890
1 19686
1 3989
1 24414
1 6515
1 12680
1 12158
1 16351
1 16034
1 20220
1 7353
1 3883
1 8243
1 6516
1 11572
1 19633
1 23195
1 9054
1 3172
1 13389
1 1205
1 6299
1 5986
1 1205
1 5667
1 20001
1 17699
1 15829
1 10746
1 17081
1 22900
1 19618
1 2679
1 15950
1 11267
1 5783
1 18515
1 416
1 17704
1 20465
1 11574
1 13523
1 15918
1 18784
1 23393
1 12112
1 11711
1 17334
1 6548
1 6529
1 16067
1 13040
1 18419
1 18294
1 5282
1 5461
1 18465
1 16291
1 24560
1 4134
1 601
1 461
1 21170
1 15186
1 23011
1 25250
1 19590
1 2302
1 18940
1 6013
1 17181
1 9222
1 7091
1 5582
1 23965
1 6224
1 18246
1 17848
1 25552
1 11006
1 5440
1 21049
1 16846
1 15789
1 21824
1 3958
1 11128
1 22541
1 13938
1 2958
1 5955
1 23253
1 7302
1 12219
1 21458
1 5616
1 21504
1 15118
1 4394
1 4513
1 3764
1 23958
1 2809
1 25555
1 3450
1 97
1 2158
1 22818
1 20249
1 22889
1 9346
1 7732
1 16260
1 15532
1 17487
1 24740
1 25058
1 22882
1 4300
1 9493
1 19852
1 25517
1 11296
1 10531
1 11083
1 2893
1 11367
1 4939
1 3183
1 23777
1 6690
1 7183
1 17487
1 4434
1 18942
1 16922
1 18463
1 18079
1 19370
1 17487
1 17953
1 16930
1 23507
1 22526
1 24354
1 11158
1 16944
1 1046
1 15089
1 9027
1 18051
1 20567
1 8255
1 5440
1 6207
1 3952
1 3612
1 15137
1 25342
1 9331
1 17229
1 2452
1 19085
1 20043
1 23540
1 18574
1 4769
1 17704
1 24597
1 23420
1 6935
1 1260
1 24659
1 4706
1 14092
1 10990
1 22458
1 22233
1 9741
1 14914
1 14407
1 19453
1 14669
1 4839
1 13386
1 11994
1 25958
1 9441
1 13599
1 11064
1 12614
1 2671
1 6181
1 16791
1 14686
1 7771
1 22516
1 24398
1 13751
1 25131
1 8817
1 20452
1 15960
1 13085
1 6071
1 23492
1 25825
1 7626
1 25221
1 6916
1 17243
1 23382
1 18072
1 14490
1 2214
1 7422
1 8536
1 1905
1 4488
1 5889
1 5991
1 15729
1 8722
1 16916
1 24904
1 10507
1 11704
1 153
1 6218
1 246
1 18529
1 4558
1 10606
1 23029
1 4356
1 12236
1 13000
1 18229
1 34
1 18841
1 8430
1 17487
1 22568
1 7720
1 17229
1 17564
1 712
1 10337
1 11577
1 25764
1 13964
1 25487
1 1000
1 20605
1 921
1 19986
1 23925
1 4594
1 24592
1 3859
1 24527
1 2527
1 7811
1 7180
1 12544
1 18688
1 16575
1 12897
1 13399
1 2847
1 12025
1 4055
1 145
1 4600
1 10519
1 17568
1 13389
1 23534
1 138
1 13467
1 13914
1 4555
1 4699
1 14490
1 24116
1 13679
1 3000
1 23593
1 18299
1 19105
1 8475
1 4254
1 7280
1 10439
1 25873
1 16916
1 12168
1 18152
1 8268
1 10627
1 9500
1 13007
1 21564
1 12535
1 1065
1 1852
1 10324
1 14007
1 18311
1 15407
1 5215
1 16458
1 4643
1 18156
1 14740
1 5004
1 11020
1 7510
1 15615
1 138
1 8023
1 8865
1 15303
1 11000
1 10867
1 24199
1 23343
1 13926
1 15523
1 17487
1 14725
1 21568
1 15327
1 23780
1 3938
1 1634
1 2011
1 3985
1 1148
1 20632
1 6198
1 527
1 16914
1 12317
1 1899
1 25191
1 5918
1 17069
1 13992
1 21092
1 22889
1 17487
1 15170
1 3265
1 18532
1 12465
1 16557
1 10493
1 20961
1 11615
1 5982
1 6028
1 17437
1 7784
1 20557
1 12758
1 5288
1 2035
1 13660
1 22003
1 25641
1 2762
1 14705
1 1540
1 15149
1 24725
1 18915
1 13467
1 13570
1 19926
1 10040
1 5736
1 6175
1 24377
1 9198
1 5295
1 15187
1 16333
1 9313
1 9627
1 1947
1 22127
1 1524
1 16751
1 4807
1 3386
1 18388
1 8590
1 3440
1 21298
1 17173
1 19026
1 19213
1 22539
1 3884
1 25460
1 14746
1 15605
1 1697
1 4478
1 10104
1 22556
1 6870
1 2558
1 941
1 13326
1 23957
1 17809
1 17201
1 447
1 12236
1 8403
1 11825
1 8793
1 2188
1 20676
1 16694
1 12238
1 20764
1 5189
1 17444
1 22997
1 22104
1 2674
1 59
1 6641
1 1182
1 17036
1 12093
1 18867
1 10819
1 13796
1 10734
1 3944
1 18255
1 13072
1 11840
1 16363
1 16428
1 16506
1 5484
1 18062
1 5788
1 9357
1 12279
1 4080
1 6914
1 11825
1 15053
1 25556
1 1919
1 12401
1 7202
1 25873
1 24139
1 25454
1 22668
1 6325
1 2576
1 25560
1 20766
1 25427
1 17549
1 7151
1 11460
1 601
1 518
1 10324
1 16694
1 23680
1 7568
1 20564
1 24116
1 1888
1 11236
1 15261
1 2233
1 4710
1 24654
1 25951
1 7049
1 16814
1 9903
1 18775
1 15284
1 5565
1 6325
1 1888
1 17480
1 16128
1 13497
1 1631
1 19560
1 3871
1 8620
1 7554
1 22889
1 23907
1 3228
1 10664
1 13906
1 25561
1 8698
1 3386
1 11844
1 6330
1 17245
1 21775
1 11740
1 11008
1 25517
1 7203
1 23836
1 23498
1 17910
1 3623
1 154
1 4604
1 15759
1 6226
1 7347
1 20683
1 5914
1 7739
1 18212
1 16349
1 8229
1 4041
1 13389
1 12508
1 22604
1 3201
1 16738
1 3259
1 24564
1 1655
1 6498
1 7827
1 5788
1 3770
1 18983
1 18941
1 17785
1 19254
1 2002
1 11372
1 25675
1 11236
1 3158
1 17510
1 22889
1 24321
1 400
1 14505
1 7595
1 20403
1 6303
1 15829
1 8531
1 22011
1 25562
1 17487
1 12197
1 15063
1 777
1 8245
1 13790
1 7723
1 11142
1 4900
1 23080
1 17732
1 22243
1 22651
1 4291
1 11686
1 20010
1 9380
1 18558
1 23898
1 17846
1 22443
1 16966
1 9653
1 22379
1 13577
1 856
1 3554
1 7291
1 17487
1 6226
1 17397
1 14427
1 6613
1 23337
1 17444
1 14830
1 14744
1 15071
1 20284
1 15138
1 25212
1 16175
1 3594
1 1500
1 3599
1 3303
1 15034
1 2320
1 10055
1 19671
1 6017
1 15952
1 19866
1 7598
1 25706
1 7840
1 13861
1 8405
1 11165
1 25388
1 18465
1 16793
1 16839
1 714
1 25133
1 5095
1 19146
1 4246
1 24430
1 5128
1 13599
1 2250
1 24362
1 695
1 12025
1 24328
1 24068
1 14021
1 20093
1 19606
1 19382
1 11530
1 3301
1 5345
1 11582
1 2475
1 17229
1 3478
1 23947
1 12667
1 18519
1 544
1 23725
1 10990
1 25171
1 17675
1 19959
1 2390
1 9359
1 20545
1 4382
1 4751
1 19344
1 17379
1 21064
1 9571
1 24639
1 7364
1 18176
1 21998
1 16860
1 22094
1 1160
1 24828
1 15536
1 20248
1 16215
1 6281
1 1022
1 4560
1 686
1 3084
1 3413
1 20478
1 11330
1 12517
1 11908
1 24034
1 16474
1 12099
1 23175
1 14270
1 15833
1 13578
1 22434
1 22330
1 19555
1 21860
1 11867
1 6705
1 10467
1 7744
1 16358
1 21711
1 11433
1 22901
1 4614
1 25914
1 9778
1 16832
1 24142
1 10546
1 680
1 8683
1 12079
1 22862
1 8127
1 16224
1 24725
1 3258
1 17933
1 16751
1 19847
1 23169
1 18475
1 1263
1 1970
1 15750
1 10430
1 13533
1 18909
1 10950
1 22854
1 5880
1 3131
1 10385
1 12386
1 24561
1 19111
1 24139
1 16700
1 23242
1 25014
1 23248
1 23466
1 15438
1 4690
1 2437
1 1723
1 12855
1 2182
1 13762
1 12689
1 2003
1 19229
1 13864
1 6205
1 21024
1 8360
1 25957
1 16944
1 12165
1 10516
1 5474
1 19092
1 6106
1 1455
1 16557
1 4628
1 10006
1 13389
1 8899
1 21976
1 7429
1 18737
1 15050
1 25863
1 9976
1 10701
1 18021
1 1783
1 24094
1 1685
1 925
1 18655
1 6870
1 22119
1 1961
1 5808
1 2424
1 15360
1 16719
1 25307
1 17014
1 20658
1 6546
1 9416
1 12675
1 11539
1 3918
1 24032
1 19622
1 17036
1 500
1 12860
1 10357
1 19176
1 9222
1 22997
1 2743
1 24019
1 3131
1 5788
1 6385
1 9857
1 24344
1 15561
1 7062
1 14681
1 17487
1 8109
1 14415
1 11845
1 13898
1 21663
1 22889
1 15521
1 5487
1 10672
1 12270
1 13278
1 15697
1 836
1 10050
1 9718
1 2790
1 9353
1 6328
1 5291
1 22549
1 8565
1 15644
1 13443
1 16325
1 1469
1 19911
1 6916
1 14280
1 17239
1 11118
1 11510
1 14089
1 18230
1 19487
1 23711
1 12995
1 25617
1 20694
1 20478
1 12424
1 4298
1 13523
1 10065
1 23112
1 13926
1 25873
1 21025
1 6914
1 18439
1 278
1 8787
1 7188
1 20071
1 20735
1 11534
1 9576
1 12025
1 24785
1 9222
1 22424
1 12618
1 9400
1 21612
1 24669
1 12669
1 22854
1 15628
1 1842
1 5458
1 4817
1 118
1 23773
1 19940
1 15069
1 7592
1 10669
1 10293
1 17983
1 19244
1 8844
1 9611
1 14223
1 9645
1 22889
1 21672
1 4986
1 25702
1 12779
1 20887
1 25671
1 14106
1 16458
1 11568
1 16914
1 6318
1 16707
1 18141
1 10800
1 8036
1 20421
1 11574
1 8756
1 21889
1 7922
1 22631
1 3741
1 2932
1 25804
1 8752
1 4301
1 15666
1 1893
1 5217
1 15407
1 17487
1 31
1 18572
1 21999
1 1373
1 22889
1 20826
1 18538
1 17036
1 10942
1 9981
1 23945
1 20933
1 5669
1 7017
1 60
1 6777
1 4489
1 17137
1 849
1 13461
1 12731
1 6071
1 2250
1 23954
1 8407
1 17275
1 23763
1 4435
1 24663
1 17934
1 533
1 13999
1 2320
1 8648
1 7584
1 23790
1 23365
1 12070
1 10077
1 4255
1 25215
1 11314
1 6181
1 8897
1 13505
1 16828
1 3996
1 14516
1 7214
1 3484
1 18327
1 25873
1 15026
1 17571
1 17373
1 19680
1 16671
1 6774
1 3774
1 22574
1 20691
1 17487
1 8000
1 5982
1 17159
1 19792
1 11008
1 18334
1 15274
1 19533
1 9160
1 22281
1 6990
1 25873
1 20593
1 17487
1 25050
1 17068
1 15791
1 2674
1 24053
1 10989
1 16719
1 3356
1 10565
1 857
1 10564
1 22479
1 17839
1 11888
1 5337
1 13400
1 22390
1 21711
1 23195
1 14402
1 18552
1 22390
1 20961
1 20324
1 9555
1 21618
1 2379
1 23399
1 12040
1 19515
1 22122
1 14518
1 6849
1 14264
1 3306
1 14438
1 22516
1 17487
1 20944
1 17977
1 11257
1 20146
1 24142
1 22320
1 14180
1 15234
1 25413
1 15201
1 13896
1 12785
1 5214
1 24427
1 3905
1 10896
1 21044
1 8373
1 12111
1 9402
1 680
1 16941
1 20494
1 8215
1 11316
1 9759
1 5788
1 20353
1 12532
1 11092
1 24401
1 6173
1 3619
1 1928
1 22939
1 2013
1 659
1 17627
1 14404
1 24142
1 2059
1 17130
1 19590
1 17600
1 712
1 22889
1 20196
1 20569
1 17803
1 9357
1 22527
1 15078
1 5882
1 11134
1 4611
1 1817
1 20538
1 16854
1 2960
1 3996
1 5332
1 18234
1 22889
1 24733
1 10502
1 14828
1 3756
1 9355
1 21024
1 10696
1 1638
1 13590
1 13430
1 7421
1 7208
1 23235
1 14483
1 6810
1 8113
1 18247
1 18884
1 9495
1 10117
1 7857
1 24672
1 17314
1 8495
1 13578
1 5156
1 14697
1 6263
1 18524
1 13599
1 25812
1 23839
1 3066
1 10931
1 2674
1 9381
1 2533
1 8011
1 11655
1 8331
1 2495
1 17298
1 9889
1 7187
1 16737
1 11323
1 7132
1 20941
1 2747
1 16248
1 13922
1 9224
1 8052
1 21686
1 15964
1 14260
1 16135
1 21142
1 9938
1 20335
1 22767
1 6033
1 17487
1 7063
1 25850
1 23702
1 3306
1 20859
1 2060
1 3386
1 7439
1 7770
1 13056
1 305
1 4434
1 712
1 5761
1 13050
1 2790
1 7955
1 24278
1 9778
1 715
1 21075
1 24377
1 23169
1 7029
1 10324
1 24431
1 5426
1 3117
1 24363
1 20391
1 21103
1 13234
1 13573
1 5513
1 11027
1 1476
1 1858
1 18931
1 25418
1 4560
1 5665
1 14527
1 9065
1 9347
1 5217
1 193
1 22339
1 4395
1 14435
1 19470
1 23485
1 22021
1 4192
1 22724
1 18237
1 15688
1 843
1 10654
1 3099
1 10324
1 22824
1 6288
1 11299
1 4152
1 9197
1 10515
1 10122
1 12236
1 22040
1 11299
1 13418
1 25611
1 9100
1 16193
1 14809
1 8331
1 23607
1 2738
1 9127
1 8886
1 6570
1 12076
1 8725
1 3687
1 15110
1 15540
1 13061
1 20676
1 1246
1 1334
1 1895
1 18052
1 20401
1 11773
1 17983
1 97
1 17379
1 9867
1 2619
1 6949
1 25588
1 13026
1 16349
1 4304
1 19659
1 4604
1 12667
1 19132
1 5030
1 16230
1 8365
1 25530
1 11254
1 13662
1 13065
1 10020
1 23456
1 23300
1 10819
1 25709
1 5005
1 10513
1 12050
1 5028
1 23857
1 18685
1 14814
1 22881
1 569
1 15914
1 21578
1 786
1 21578
1 7584
1 7843
1 16643
1 12841
1 6872
1 8142
1 19351
1 9572
1 4029
1 19396
1 21150
1 1287
1 13829
1 21669
1 25003
1 22315
1 8854
1 20961
1 13328
1 24669
1 3873
1 2719
1 22580
1 1346
1 11225
1 10888
1 10345
1 15783
1 8680
1 13751
1 4310
1 24537
1 12156
1 1454
1 17851
1 10700
1 6874
1 5734
1 2644
1 24068
1 8420
1 7634
1 11254
1 8217
1 3892
1 25312
1 10430
1 16675
1 21326
1 21403
1 5548
1 138
1 3896
1 23337
1 8628
1 22878
1 390
1 4564
1 11567
1 21895
1 9513
1 14577
1 10337
1 5440
1 2943
1 16589
1 23110
1 607
1 4728
1 11022
1 18630
1 3301
1 18766
1 23993
1 24398
1 1411
1 3696
1 12913
1 19575
1 2513
1 10942
1 7364
1 24039
1 19710
1 3898
1 19057
1 9222
1 15791
1 2355
1 23260
1 2825
1 22676
1 2248
1 9437
1 22455
1 8224
1 20815
1 20973
1 13047
1 2445
1 6041
1 16686
1 2397
1 6282
1 7120
1 16705
1 11845
1 21107
1 25512
1 17124
1 25662
1 9704
1 891
1 23043
1 7082
1 1487
1 17070
1 4313
1 284
1 25413
1 13824
1 6181
1 3892
1 9826
1 24527
1 14579
1 14335
1 7832
1 17840
1 66
1 17689
1 19122
1 20796
1 9211
1 20841
1 10989
1 23300
1 12219
1 12044
1 2827
1 6645
1 16719
1 9423
1 25514
1 15393
1 7732
1 3801
1 23709
1 21457
1 6395
1 17487
1 23313
1 4321
1 25485
1 4155
1 20695
1 20647
1 12886
1 16373
1 25242
1 15303
1 7009
1 5177
1 8217
1 9222
1 7848
1 24013
1 19338
1 6815
1 2336
1 2571
1 4434
1 7461
1 18328
1 15206
1 22032
1 10822
1 16035
1 786
1 21819
1 21086
1 14125
1 6288
1 16271
1 20718
1 695
1 5088
1 1082
1 4524
1 16841
1 16936
1 15269
1 9064
1 22354
1 2033
1 12231
1 9222
1 15280
1 16458
1 12644
1 25240
1 23294
1 15829
1 16916
1 16838
1 8257
1 8114
1 7820
1 13915
1 13523
1 4310
1 9823
1 12025
1 9222
1 6093
1 25412
1 17517
1 17576
1 18231
1 22156
1 23176
1 5144
1 22968
1 25549
1 23526
1 6312
1 10989
1 15137
1 16369
1 22539
1 21959
1 16584
1 14155
1 10895
1 3892
1 5129
1 12706
1 14989
1 17874
1 11977
1 7368
1 24142
1 12961
1 9023
1 19590
1 1077
1 10730
1 9357
1 15568
1 15370
1 6172
1 19432
1 6088
1 12193
1 6269
1 4961
1 25958
1 3476
1 14122
1 1888
1 15280
1 9437
1 7447
1 17273
1 11382
1 25551
1 22233
1 22792
1 10386
1 1905
1 15945
1 1848
1 24883
1 25537
1 3675
1 22170
1 20859
1 1419
1 23385
1 9511
1 4515
1 15297
1 11257
1 4728
1 12817
1 4231
1 21672
1 23485
1 10678
1 18310
1 3704
1 516
1 1254
1 9494
1 17487
1 23658
1 19156
1 145
1 11057
1 20340
1 20450
1 938
1 1242
1 6767
1 14500
1 1304
1 23648
1 7311
1 9843
1 6705
1 15716
1 18594
1 3352
1 1860
1 16298
1 15307
1 9548
1 23113
1 13809
1 20695
1 22768
1 25439
1 4911
1 20263
1 24398
1 16254
1 23764
1 17487
1 15999
1 2336
1 15294
1 2119
1 3131
1 23178
1 15610
1 16716
1 5390
1 15644
1 20307
1 18454
1 13277
1 12151
1 14960
1 11104
1 9971
1 17125
1 16472
1 12269
1 23813
1 16945
1 5367
1 22908
1 14079
1 14688
1 2723
1 12142
1 15589
1 10167
1 11257
1 13233
1 15186
1 25645
1 22388
1 6071
1 16694
1 18426
1 10386
1 22003
1 20120
1 3620
1 13331
1 20459
1 21467
1 23540
1 13465
1 24456
1 24666
1 17286
1 10073
1 10324
1 14246
1 21417
1 16709
1 14130
1 20147
1 3163
1 11268
1 17379
1 9465
1 2368
1 7820
1 15460
1 24173
1 25970
1 6856
1 24564
1 12007
1 11557
1 2284
1 15407
1 21924
1 24140
1 22349
1 24105
1 23732
1 23499
1 19679
1 7106
1 436
1 2158
1 2219
1 14839
1 265
1 1888
1 13341
1 1077
1 9524
1 19679
1 24954
1 19545
1 4182
1 4411
1 23336
1 17146
1 25707
1 5430
1 4583
1 25756
1 13992
1 1655
1 24410
1 7542
1 18212
1 2920
1 8926
1 13587
1 2219
1 16234
1 18896
1 17054
1 19555
1 12541
1 23617
1 1827
1 11882
1 16413
1 19186
1 22505
1 7126
1 7700
1 2942
1 19974
1 3465
1 13677
1 24605
1 16414
1 15228
1 18472
1 22910
1 2918
1 13361
1 7461
1 10021
1 5889
1 3131
1 21374
1 25953
1 579
1 17487
1 24426
1 19086
1 8109
1 12887
1 2382
1 13444
1 13751
1 15513
1 2889
1 10990
1 16995
1 1041
1 24447
1 10537
1 16382
1 4107
1 14108
1 17239
1 8546
1 13394
1 5440
1 1987
1 15294
1 23619
1 11898
1 13816
1 7590
1 24786
1 9420
1 20542
1 1555
1 10063
1 10415
1 16150
1 24882
1 15368
1 16482
1 1801
1 15265
1 25279
1 15959
1 5977
1 22587
1 16941
1 10061
1 5588
1 8882
1 25838
1 5513
1 6191
1 19998
1 1704
1 5771
1 12888
1 15829
1 23498
1 4105
1 21663
1 6705
1 21543
1 17620
1 8825
1 2272
1 25825
1 1140
1 19590
1 4517
1 9033
1 8764
1 21905
1 8257
1 12400
1 19854
1 10698
1 19754
1 15310
1 8663
1 138
1 10637
1 6023
1 1984
1 7444
1 1586
1 12814
1 8383
1 14325
1 25135
1 5512
1 21965
1 24499
1 9423
1 24090
1 8446
1 2808
1 4337
1 20364
1 22202
1 19306
1 21564
1 24374
1 5295
1 17477
1 22233
1 20725
1 6432
1 4086
1 17573
1 9601
1 10990
1 11022
1 6181
1 12736
1 2513
1 8207
1 13853
1 23580
1 23480
1 8177
1 24700
1 17361
1 22889
1 6420
1 24552
1 6291
1 20863
1 13919
1 5537
1 6365
1 2482
1 14180
1 22248
1 5609
1 6269
1 23260
1 19449
1 9165
1 12796
1 3964
1 11076
1 18755
1 11021
1 22889
1 25298
1 7738
1 9197
1 8000
1 2565
1 20912
1 5479
1 16388
1 3272
1 6358
1 24935
1 22945
1 7180
1 4007
1 3755
1 8559
1 12897
1 2404
1 15407
1 25518
1 18374
1 23913
1 22918
1 3016
1 25418
1 14600
1 17432
1 20180
1 15224
1 2227
1 24062
1 4780
1 351
1 4710
1 25487
1 9014
1 3704
1 17961
1 15562
1 8601
1 17152
1 7231
1 2324
1 24736
1 2248
1 2983
1 16170
1 21194
1 16843
1 2077
1 25784
1 8779
1 11111
1 19886
1 21765
1 23071
1 2724
1 20909
1 22552
1 18588
1 17321
1 3571
1 23605
1 5057
1 2671
1 10518
1 19304
1 22516
1 10921
1 1834
1 16351
1 2587
1 9574
1 7490
1 15918
1 2698
1 1869
1 18117
1 7388
1 7816
1 605
1 13278
1 22702
1 19989
1 22574
1 14055
1 22394
1 13784
1 25365
1 25573
1 19489
1 9434
1 19370
1 17487
1 954
1 22189
1 23488
1 24974
1 24644
1 8982
1 21998
1 18602
1 5546
1 15407
1 4633
1 25754
1 11783
1 21234
1 18532
1 12023
1 24431
1 5228
1 12680
1 17552
1 11867
1 17808
1 5273
1 2583
1 2223
1 24681
1 21252
1 16008
1 17484
1 22233
1 4011
1 384
1 24501
1 5165
1 8716
1 3309
1 23336
1 21944
1 15453
1 10011
1 2431
1 19041
1 4974
1 14666
1 24485
1 3511
1 13710
1 23055
1 22818
1 8865
1 305
1 11029
1 2581
1 11154
1 9347
1 24059
1 15619
1 13592
1 1483
1 10284
1 8006
1 24377
1 22641
1 19772
1 18186
1 13604
1 12219
1 10734
1 8680
1 213
1 1921
1 17610
1 3448
1 19876
1 1752
1 24191
1 9168
1 3985
1 9021
1 24456
1 25770
1 14646
1 1218
1 13629
1 6566
1 7510
1 15385
1 25084
1 25119
1 17568
1 24192
1 20978
1 14428
1 21191
1 9676
1 14669
1 23485
1 21616
1 16312
1 5221
1 19865
1 4930
1 24426
1 9806
1 22344
1 13802
1 5217
1 3892
1 10713
1 24190
1 15426
1 24169
1 10847
1 14433
1 19649
1 24322
1 9284
1 6458
1 224
1 17323
1 5962
1 15628
1 769
1 10877
1 17675
1 22516
1 9495
1 3262
1 17699
1 2366
1 21612
1 24090
1 10528
1 17699
1 15012
1 23101
1 24214
1 11849
1 10689
1 25282
1 21642
1 13130
1 15817
1 24500
1 10823
1 17357
1 7108
1 25484
1 20517
1 3386
1 13331
1 17275
1 11367
1 2990
1 18186
1 15716
1 16862
1 15963
1 2203
1 9355
1 2734
1 16653
1 2990
1 24834
1 4545
1 13136
1 10950
1 5300
1 25585
1 1960
1 23405
1 3884
1 23174
1 10054
1 16754
1 16146
1 19257
1 11359
1 11905
1 8820
1 8074
1 13951
1 134
1 1107
1 16873
1 18605
1 9627
1 14488
1 11660
1 9252
1 19187
1 5788
1 23076
1 23507
1 12025
1 4994
1 19013
1 12236
1 25099
1 5783
1 4984
1 5891
1 3328
1 10909
1 25552
1 44
1 5853
1 16507
1 16771
1 13358
1 862
1 25643
1 4080
1 516
1 3696
1 24178
1 19949
1 17472
1 9222
1 8143
1 19420
1 145
1 5756
1 1291
1 19950
1 2336
1 15228
1 8971
1 11457
1 1685
1 10942
1 19345
1 11729
1 3163
1 12627
1 12607
1 13751
1 700
1 5982
1 5625
1 9003
1 3985
1 24605
1 25143
1 11000
1 7871
1 25665
1 19548
1 7542
1 20728
1 12071
1 5550
1 20859
1 20107
1 14447
1 22524
1 364
1 893
1 14269
1 8870
1 17848
1 24046
1 3296
1 23767
1 3546
1 6092
1 6360
1 19606
1 20634
1 9710
1 5982
1 17108
1 19221
1 13599
1 16035
1 13317
1 9014
1 19234
1 11660
1 8143
1 23794
1 1677
1 9416
1 9222
1 18870
1 10584
1 5690
1 25933
1 4400
1 14631
1 530
1 14099
1 22276
1 11326
1 22007
1 9571
1 25652
1 400
1 25709
1 24959
1 13953
1 11860
1 19569
1 4728
1 23748
1 9540
1 17748
1 24116
1 6322
1 12958
1 21258
1 3117
1 16719
1 19482
1 5756
1 5571
1 19240
1 20802
1 12998
1 9100
1 51
1 15944
1 8707
1 20374
1 16075
1 13787
1 2991
1 23732
1 699
1 7670
1 5656
1 1361
1 23649
1 4469
1 2946
1 4457
1 12415
1 22711
1 24817
1 11368
1 24340
1 13845
1 11720
1 15258
1 12510
1 17968
1 10663
1 4575
1 12930
1 1423
1 24533
1 25300
1 22818
1 13156
1 5910
1 10857
1 5059
1 5538
1 495
1 22804
1 25965
1 12747
1 4754
1 6485
1 20721
1 9718
1 16234
1 17267
1 19406
1 19092
1 22722
1 19078
1 12137
1 14196
1 1381
1 14088
1 4019
1 4773
1 8770
1 18019
1 13505
1 17912
1 5813
1 12598
1 17653
1 6798
1 25477
1 23636
1 25965
1 4223
1 1723
1 3375
1 21237
1 4161
1 17968
1 7408
1 2581
1 6916
1 8251
1 9658
1 9350
1 18600
1 20390
1 12680
1 25872
1 9288
1 16231
1 13130
1 19786
1 25082
1 17319
1 16175
1 16701
1 20465
1 11607
1 22333
1 2354
1 25707
1 25359
1 24166
1 4129
1 20242
1 5295
1 17196
1 12219
1 7038
1 12983
1 17487
1 8495
1 14916
1 13592
1 5891
1 15069
1 12766
1 15303
1 23592
1 8101
1 4418
1 23459
1 12091
1 6914
1 7905
1 23854
1 19590
1 21699
1 15953
1 15791
1 9417
1 3119
1 21681
1 16936
1 20528
1 18486
1 25001
1 6588
1 18669
1 25423
1 9340
1 10864
1 8741
1 10061
1 18116
1 25838
1 16862
1 3124
1 14730
1 14693
1 13599
1 11717
1 9630
1 24808
1 15436
1 22889
1 19470
1 51
1 21003
1 18663
1 22777
1 12627
1 3131
1 1048
1 18447
1 15950
1 25928
1 17241
1 4805
1 15326
1 12007
1 10324
1 13350
1 153
1 16254
1 15137
1 22989
1 23969
1 3960
1 5113
1 25749
1 21860
1 15225
1 19159
1 5165
1 24142
1 14404
1 22437
1 23600
1 25096
1 24456
1 3418
1 18334
1 14666
1 18993
1 9913
1 19679
1 3626
1 19808
1 22569
1 4617
1 23176
1 15535
1 19332
1 13144
1 18241
1 11531
1 18334
1 3000
1 24791
1 9386
1 18771
1 12953
1 16730
1 12666
1 24142
1 7447
1 14495
1 15452
1 23295
1 18669
1 21195
1 17267
1 17820
1 269
1 22438
1 6774
1 9236
1 25064
1 6312
1 9571
1 23990
1 19306
1 9571
1 20407
1 23947
1 10148
1 370
1 18005
1 20469
1 13218
1 25481
1 25422
1 12112
1 23643
1 5960
1 10800
1 770
1 3314
1 17105
1 7224
1 13599
1 8942
1 24055
1 12679
1 9197
1 18630
1 3115
1 19926
1 19081
1 13236
1 4636
1 14941
1 6969
1 18228
1 18117
1 19946
1 15791
1 6150
1 22454
1 15749
1 10669
1 6668
1 17247
1 18289
1 11574
1 6928
1 16825
1 21916
1 13036
1 16371
1 8553
1 16027
1 22286
1 1190
1 1821
1 24668
1 13414
1 3496
1 14338
1 21095
1 14510
1 2433
1 3326
1 7044
1 6198
1 2248
1 336
1 13465
1 14258
1 2061
1 25226
1 18186
1 11618
1 5167
1 16846
1 21428
1 1012
1 3788
1 19919
1 1722
1 8292
1 4368
1 1800
1 19306
1 16727
1 18342
1 22816
1 12913
1 13432
1 13778
1 1897
1 21755
1 25854
1 24792
1 13171
1 18064
1 13569
1 17742
1 9234
1 11757
1 21827
1 17340
1 23628
1 14676
1 14561
1 15949
1 8648
1 22889
1 5449
1 3117
1 17487
1 742
1 14717
1 6389
1 23290
1 23712
1 9070
1 15069
1 16567
1 24960
1 4754
1 8899
1 19865
1 17239
1 6495
1 18325
1 18585
1 9411
1 22233
1 17229
1 20114
1 7192
1 22036
1 11728
1 7294
1 23301
1 6685
1 11438
1 5111
1 8189
1 13130
1 19865
1 25107
1 5865
1 8466
1 16973
1 12349
1 19598
1 20165
1 20538
1 21514
1 19792
1 2326
1 6129
1 3420
1 7083
1 6916
1 5545
1 9898
1 13858
1 22670
1 3672
1 4899
1 5632
1 20573
1 9216
1 7475
1 5775
1 17903
1 24945
1 19533
1 4890
1 23621
1 6369
1 5499
1 13040
1 23746
1 14161
1 2395
1 24431
1 1255
1 1741
1 8697
1 10568
1 4271
1 17547
1 2478
1 21705
1 17284
1 17487
1 25873
1 550
1 10521
1 9537
1 716
1 977
1 23348
1 9526
1 20677
1 25577
1 12893
1 6404
1 25199
1 235
1 9495
1 16694
1 23242
1 23238
1 24116
1 15615
1 22992
1 13926
1 16319
1 11436
1 4430
1 3994
1 356
1 25619
1 10211
1 9627
1 11828
1 17654
1 23920
1 25477
1 13032
1 11809
1 5117
1 19933
1 11910
1 13619
1 3201
1 6699
1 19267
1 8313
1 17239
1 12922
1 2013
1 19116
1 23312
1 5637
1 18386
1 13396
1 15628
1 22840
1 22629
1 13383
1 20654
1 10763
1 12025
1 11626
1 19590
1 15783
1 9810
1 20621
1 11692
1 9431
1 13599
1 9350
1 44
1 12174
1 516
1 25238
1 23393
1 19330
1 9562
1 15504
1 9399
1 7784
1 18385
1 10324
1 20246
1 21246
1 14751
1 1878
1 3476
1 21187
1 3920
1 24824
1 21591
1 5687
1 8937
1 8997
1 21588
1 2359
1 15773
1 10513
1 12078
1 13150
1 8935
1 22248
1 4691
1 10232
1 25604
1 23055
1 6421
1 15628
1 6901
1 7775
1 17071
1 6151
1 2062
1 20571
1 14460
1 5724
1 18676
1 14094
1 8049
1 15615
1 16891
1 1954
1 18658
1 22601
1 6315
1 988
1 19267
1 16911
1 3704
1 14611
1 504
1 19016
1 18419
1 13016
1 13227
1 2628
1 11381
1 24262
1 11881
1 25652
1 1414
1 5217
1 19108
1 12888
1 200
1 19416
1 10951
1 17071
1 18197
1 19606
1 3446
1 20064
1 8047
1 18572
1 715
1 9582
1 7041
1 25029
1 18011
1 3199
1 7889
1 10909
1 25668
1 23460
1 1292
1 22889
1 6106
1 22685
1 7808
1 158
1 7955
1 999
1 11844
1 18665
1 20817
1 22000
1 18630
1 18669
1 5788
1 7568
1 16979
1 3205
1 2198
1 4612
1 6945
1 1634
1 25664
1 8820
1 22771
1 1383
1 11787
1 3187
1 25057
1 16936
1 22735
1 4517
1 11534
1 11660
1 12057
1 16694
1 23486
1 20710
1 10117
1 19844
1 13346
1 11279
1 5173
1 8300
1 8534
1 2674
1 5511
1 2005
1 12039
1 12753
1 14656
1 2195
1 23947
1 1580
1 25428
1 19854
1 3239
1 17658
1 23700
1 16007
1 9285
1 9810
1 4764
1 16979
1 24191
1 25550
1 18937
1 21650
1 7667
1 1731
1 1053
1 19880
1 5202
1 4699
1 414
1 20936
1 19828
1 9762
1 6458
1 19590
1 13924
1 4369
1 21739
1 22242
1 3625
1 25550
1 3704
1 1236
1 5380
1 16038
1 22233
1 16319
1 5986
1 20550
1 25873
1 2853
1 23451
1 16325
1 10276
1 20129
1 34
1 19694
1 13364
1 10401
1 64
1 19413
1 7085
1 14607
1 17738
1 13389
1 15396
1 21533
1 22593
1 14968
1 22516
1 2172
1 12105
1 19784
1 6362
1 1302
1 5163
1 7584
1 15524
1 454
1 12100
1 2038
1 24431
1 4101
1 273
1 19962
1 13456
1 15137
1 18532
1 6711
1 1805
1 7582
1 7209
1 20790
1 11934
1 23050
1 18304
1 2671
1 20593
1 13785
1 7784
1 5788
1 17292
1 1782
1 23828
1 9494
1 15228
1 9447
1 19494
1 17848
1 21522
1 14117
1 3612
1 17105
1 18613
1 21184
1 19143
1 95
1 7874
1 11713
1 18067
1 18608
1 13892
1 10166
1 20571
1 23571
1 18083
1 15632
1 19360
1 10254
1 25663
1 22802
1 16278
1 22768
1 448
1 6112
1 21842
1 14747
1 20256
1 17804
1 20273
1 15854
1 20598
1 15515
1 25555
1 22516
1 11144
1 2332
1 21373
1 13464
1 24626
1 3386
1 23592
1 1770
1 24564
1 19190
1 15999
1 7690
1 539
1 11998
1 19767
1 21895
1 19590
1 15202
1 6742
1 23645
1 23003
1 21254
1 20955
1 17318
1 13697
1 11154
1 20769
1 5368
1 20691
1 2177
1 25873
1 9642
1 9762
1 12377
1 23729
1 5080
1 382
1 941
1 14267
1 17121
1 18422
1 23593
1 9149
1 21511
1 24649
1 25680
1 8495
1 1817
1 11814
1 21191
1 7164
1 19754
1 23637
1 23927
1 17491
1 25573
1 23593
1 24253
1 19586
1 11728
1 3543
1 15368
1 5326
1 8027
1 16408
1 3055
1 15714
1 20254
1 1284
1 13260
1 24398
1 15296
1 8792
1 23737
1 2172
1 1078
1 19808
1 12163
1 4376
1 17487
1 12203
1 24458
1 12219
1 25326
1 5163
1 7520
1 20636
1 2468
1 4674
1 18369
1 9070
1 8536
1 8165
1 11213
1 7662
1 23337
1 16706
1 5701
1 10570
1 21187
1 17699
1 9122
1 8295
1 1082
1 2132
1 15284
1 9149
1 9481
1 2743
1 23999
1 3774
1 24166
1 10069
1 25418
1 2207
1 24090
1 16475
1 22789
1 166
1 2172
1 15949
1 17168
1 20250
1 16768
1 6949
1 16826
1 12918
1 17325
1 18117
1 17487
1 15637
1 13976
1 8730
1 18022
1 921
1 14095
1 1926
1 1766
1 1450
1 24534
1 4055
1 5513
1 14115
1 3882
1 9761
1 2070
1 833
1 12181
1 4936
1 13267
1 23917
1 3224
1 25819
1 20951
1 19294
1 6774
1 2680
1 19772
1 2191
1 7584
1 17487
1 16694
1 19345
1 24398
1 4650
1 12810
1 9526
1 19638
1 11346
1 22233
1 15726
1 5332
1 10254
1 25424
1 10598
1 14574
1 6921
1 6774
1 17361
1 10655
1 20324
1 1823
1 138
1 17907
1 6424
1 12532
1 16248
1 245
1 23055
1 25211
1 13611
1 20442
1 8275
1 22680
1 10955
1 712
1 19659
1 523
1 9016
1 11197
1 199
1 18156
1 17745
1 1020
1 21468
1 25199
1 1961
1 23967
1 9972
1 9919
1 7360
1 10758
1 15512
1 18820
1 19387
1 2671
1 14614
1 6870
1 20275
1 4072
1 22233
1 3205
1 19735
1 771
1 16725
1 23100
1 23055
1 12087
1 24892
1 22908
1 482
1 9222
1 60
1 17864
1 12611
1 4091
1 12268
1 16582
1 14269
1 4340
1 19990
1 3704
1 17487
1 19801
1 20810
1 4357
1 25418
1 19330
1 8217
1 7782
1 382
1 15246
1 21353
1 20369
1 13629
1 5523
1 25332
1 24882
1 2571
1 19183
1 5923
1 471
1 5175
1 24412
1 8078
1 16792
1 1229
1 23285
1 6705
1 16375
1 17239
1 11128
1 2219
1 25726
1 13210
1 23452
1 22095
1 25643
1 20740
1 9227
1 3084
1 3897
1 6148
1 17637
1 1040
1 18861
1 20166
1 15137
1 16931
1 17171
1 10259
1 715
1 13961
1 2870
1 20427
1 5054
1 2679
1 9778
1 8706
1 9231
1 4266
1 11625
1 19754
1 22601
1 22100
1 24639
1 14830
1 12890
1 23954
1 4982
1 6226
1 5325
1 25873
1 13226
1 15806
1 927
1 20330
1 787
1 15149
1 14323
1 17248
1 20263
1 4556
1 5215
1 6421
1 21023
1 19687
1 8975
1 154
1 3644
1 16584
1 21792
1 7672
1 5175
1 6636
1 2644
1 5518
1 6774
1 17494
1 16241
1 19959
1 15136
1 535
1 5513
1 9222
1 15693
1 24812
1 1212
1 3350
1 18594
1 12607
1 10800
1 20485
1 951
1 9014
1 23834
1 4740
1 5932
1 11534
1 18188
1 13284
1 19550
1 13325
1 6020
1 6188
1 2727
1 5222
1 10779
1 16632
1 4453
1 15573
1 23295
1 6437
1 10160
1 20331
1 127
1 18328
1 12025
1 2571
1 22060
1 17036
1 255
1 6628
1 14939
1 13253
1 4055
1 20043
1 12741
1 46
1 9484
1 23085
1 8257
1 9416
1 19345
1 12922
1 11477
1 12279
1 12279
1 11312
1 17487
1 23847
1 24180
1 25411
1 9663
1 10937
1 23296
1 2572
1 17081
1 17081
1 16393
1 786
1 24401
1 1054
1 25217
1 9495
1 18441
1 21258
1 15806
1 14108
1 1961
1 15013
1 22652
1 17487
1 10117
1 18500
1 24965
1 21998
1 17084
1 3672
1 20490
1 25199
1 19574
1 11508
1 5000
1 4067
1 6821
1 6181
1 11711
1 17207
1 16276
1 4458
1 22516
1 21968
1 5652
1 6774
1 26
1 7598
1 16807
1 9526
1 5649
1 11530
1 19934
1 4419
1 19592
1 15016
1 8984
1 13926
1 7788
1 18380
1 1689
1 12114
1 16655
1 14294
1 15407
1 2952
1 4780
1 5306
1 24894
1 11083
1 1533
1 5649
1 3690
1 23718
1 8929
1 6737
1 3022
1 14428
1 10669
1 19035
1 19867
1 24060
1 18608
1 25627
1 4669
1 11739
1 233
1 8425
1 3668
1 24142
1 4026
1 12816
1 16393
1 8453
1 7574
1 21823
1 23981
1 23832
1 8042
1 15693
1 10653
1 10669
1 21259
1 9778
1 19345
1 9222
1 15509
1 3580
1 4549
1 11338
1 10700
1 2148
1 24431
1 11530
1 18088
1 85
1 7468
1 13135
1 194
1 4101
1 1506
1 9358
1 10209
1 25418
1 14636
1 6167
1 16821
1 16253
1 14081
1 8695
1 11201
1 17436
1 24396
1 10080
1 21755
1 9222
1 16500
1 14970
1 2483
1 16694
1 5892
1 193
1 25215
1 5397
1 6393
1 4976
1 14326
1 18323
1 3368
1 968
1 13044
1 19213
1 12442
1 23115
1 8352
1 4087
1 11314
1 15404
1 2278
1 5090
1 24398
1 13399
1 5305
1 24431
1 14561
1 14746
1 20064
1 5397
1 21417
1 18500
1 20323
1 18185
1 10367
1 19912
1 12592
1 21642
1 19618
1 329
1 16584
1 13704
1 21925
1 2251
1 15334
1 25873
1 10305
1 17159
1 4297
1 14007
1 15345
1 4055
1 19544
1 7906
1 71
1 22889
1 17434
1 16291
1 16855
1 6629
1 218
1 9
1 12279
1 10791
1 17266
1 18061
1 20465
1 18481
1 954
1 12791
1 20147
1 10296
1 16408
1 13599
1 13599
1 21389
1 592
1 9741
1 6402
1 13922
1 6723
1 15105
1 13094
1 16979
1 4634
1 16363
1 20338
1 24185
1 12490
1 23130
1 8491
1 2244
1 906
1 23419
1 18321
1 7181
1 10942
1 8935
1 19740
1 17449
1 25873
1 21174
1 9214
1 16694
1 9285
1 2636
1 12726
1 15615
1 13926
1 21006
1 15309
1 22548
1 5658
1 7416
1 19224
1 11353
1 24617
1 12680
1 4236
1 10274
1 7364
1 4268
1 13399
1 5734
1 1020
1 17602
1 15464
1 25289
1 13160
1 18489
1 9830
1 14817
1 15069
1 19249
1 20468
1 10950
1 17487
1 12685
1 6092
1 10129
1 24590
1 18877
1 21027
1 11030
1 4606
1 22271
1 25225
1 2462
1 8320
1 1191
1 9959
1 3580
1 13681
1 5249
1 4084
1 10442
1 13037
1 8143
1 23540
1 16005
1 8971
1 7066
1 13917
1 4537
1 872
1 6378
1 15850
1 18626
1 13481
1 1555
1 15877
1 19111
1 13599
1 9664
1 23514
1 19111
1 16349
1 3624
1 13973
1 1452
1 21173
1 16430
1 10337
1 193
1 6556
1 19041
1 18859
1 12339
1 10697
1 9547
1 15615
1 18518
1 13194
1 24142
1 7031
1 16602
1 19229
1 8062
1 23520
1 8419
1 18907
1 22925
1 12620
1 12659
1 16125
1 18967
1 24959
1 24622
1 8507
1 14673
1 11804
1 4785
1 14500
1 21728
1 19362
1 23375
1 553
1 25702
1 21170
1 12122
1 1851
1 19877
1 10568
1 25108
1 13905
1 6226
1 7874
1 6641
1 10627
1 9637
1 16222
1 8325
1 20784
1 15505
1 20307
1 15186
1 13510
1 19638
1 25958
1 21162
1 10935
1 6774
1 24377
1 13968
1 13804
1 13248
1 12792
1 13599
1 10120
1 17703
1 23925
1 22889
1 10679
1 18470
1 23898
1 4415
1 13918
1 14005
1 21727
1 6486
1 6543
1 4272
1 16647
1 3655
1 16694
1 3503
1 14412
1 23055
1 16692
1 17710
1 6808
1 6011
1 5840
1 2639
1 24261
1 21410
1 20671
1 715
1 5704
1 4394
1 1844
1 23898
1 5918
1 15925
1 19114
1 22040
1 10040
1 18766
1 12978
1 4848
1 15791
1 1993
1 8533
1 18737
1 24713
1 13318
1 779
1 1623
1 25488
1 16018
1 1721
1 10568
1 7902
1 2985
1 7272
1 20007
1 9637
1 9570
1 6181
1 12766
1 24142
1 13730
1 6566
1 13424
1 20421
1 21578
1 25493
1 18641
1 25948
1 737
1 2932
1 1280
1 17487
1 11430
1 5964
1 6206
1 8828
1 4016
1 1367
1 17219
1 11880
1 14254
1 2627
1 24966
1 277
1 20324
1 4223
1 19092
1 22184
1 20450
1 18139
1 9576
1 12607
1 22854
1 24377
1 15350
1 6082
1 25900
1 24377
1 400
1 21713
1 1528
1 21578
1 25864
1 16711
1 12096
1 8257
1 4970
1 24637
1 14961
1 10445
1 25924
1 16319
1 17553
1 23068
1 23395
1 3580
1 2395
1 22310
1 23560
1 3113
1 900
1 19246
1 17889
1 19092
1 18518
1 25803
1 25673
1 16827
1 13735
1 5933
1 9887
1 23711
1 12260
1 19360
1 9778
1 6830
1 5523
1 15321
1 23703
1 3108
1 13599
1 24377
1 22159
1 13961
1 5472
1 21008
1 17924
1 16021
1 21822
1 650
1 15054
1 19894
1 8437
1 11060
1 25159
1 13466
1 1826
1 3834
1 10198
1 22889
1 138
1 24116
1 16694
1 19051
1 10117
1 13135
1 8707
1 22274
1 2471
1 18532
1 4549
1 16389
1 64
1 25899
1 894
1 17819
1 22167
1 18871
1 1588
1 13241
1 13409
1 13176
1 12855
1 2312
1 8633
1 17949
1 19618
1 3675
1 8815
1 2081
1 236
1 20353
1 3866
1 13599
1 502
1 24553
1 8146
1 25056
1 15950
1 13092
1 10725
1 4357
1 8535
1 159
1 16794
1 11448
1 20494
1 22516
1 15075
1 13144
1 451
1 3503
1 21664
1 19658
1 582
1 16492
1 12741
1 16675
1 20147
1 8982
1 13879
1 6774
1 22496
1 23407
1 2002
1 18328
1 14381
1 21720
1 10652
1 11019
1 16719
1 16668
1 15760
1 16366
1 7987
1 25664
1 13501
1 9571
1 4712
1 11759
1 7732
1 3892
1 6092
1 14669
1 18988
1 10459
1 18182
1 22390
1 11103
1 10153
1 1562
1 23449
1 10712
1 2671
1 15862
1 7524
1 4754
1 11304
1 941
1 17352
1 16349
1 13523
1 23423
1 3303
1 2487
1 8982
1 17501
1 22440
1 20080
1 21647
1 11403
1 5960
1 2687
1 18511
1 712
1 3438
1 15173
1 24838
1 11373
1 5460
1 4134
1 10791
1 15258
1 12953
1 510
1 2608
1 15844
1 19715
1 5788
1 4503
1 9831
1 16689
1 17003
1 2267
1 6949
1 18305
1 20593
1 11069
1 13975
1 24035
1 10840
1 15580
1 20544
1 14074
1 8696
1 14051
1 17536
1 19140
1 17742
1 9222
1 7239
1 19211
1 6012
1 17278
1 2944
1 10252
1 4641
1 2593
1 15716
1 9711
1 8464
1 21680
1 16349
1 14912
1 16056
1 17636
1 18763
1 15130
1 14421
1 18532
1 16118
1 8459
1 4061
1 2059
1 18330
1 523
1 8966
1 10942
1 8536
1 18282
1 15307
1 20283
1 20865
1 20025
1 13599
1 2011
1 10242
1 19233
1 2734
1 22774
1 153
1 16008
1 25852
1 21513
1 14092
1 22233
1 18385
1 10690
1 5982
1 10117
1 11698
1 9014
1 10800
1 23856
1 25183
1 17819
1 2642
1 5550
1 13444
1 16793
1 10846
1 14039
1 5527
1 25731
1 14349
1 11920
1 3452
1 8620
1 23094
1 715
1 3396
1 18054
1 4177
1 5901
1 13525
1 21485
1 25555
1 9601
1 25624
1 2191
1 3131
1 11867
1 16363
1 2248
1 6706
1 7356
1 13587
1 13627
1 12867
1 2248
1 10011
1 10608
1 15156
1 3303
1 2472
1 14793
1 10055
1 3135
1 25369
1 9159
1 849
1 8992
1 716
1 12884
1 10011
1 16278
1 25225
1 5935
1 7209
1 21578
1 13282
1 12082
1 24060
1 17675
1 2481
1 18638
1 2531
1 13881
1 17710
1 4047
1 3959
1 19590
1 1248
1 7135
1 6650
1 4268
1 25671
1 9686
1 19898
1 10040
1 21485
1 25517
1 22136
1 4402
1 10481
1 8900
1 15343
1 14402
1 24872
1 15331
1 7253
1 15882
1 10459
1 5285
1 11281
1 4774
1 19720
1 25500
1 24100
1 1414
1 1691
1 21998
1 25270
1 23527
1 2700
1 3358
1 7335
1 22418
1 21124
1 7737
1 10254
1 3386
1 19346
1 129
1 10503
1 19345
1 19959
1 14255
1 25153
1 12025
1 3131
1 6208
1 5014
1 19592
1 510
1 16254
1 2719
1 13505
1 24462
1 6038
1 10079
1 21617
1 20304
1 13452
1 16675
1 17332
1 8170
1 8143
1 22279
1 22040
1 11083
1 8038
1 21986
1 1876
1 6442
1 24119
1 16964
1 1483
1 23706
1 25096
1 18613
1 7268
1 15504
1 7180
1 11239
1 12453
1 10647
1 2671
1 10302
1 1888
1 588
1 1414
1 23311
1 4901
1 9485
1 16793
1 25630
1 18284
1 14326
1 16802
1 23320
1 3339
1 2323
1 4200
1 19633
1 22516
1 3688
1 18086
1 12475
1 6038
1 13824
1 10301
1 20666
1 4569
1 8655
1 7035
1 13292
1 17456
1 25295
1 15894
1 21788
1 18864
1 24049
1 2571
1 19470
1 2644
1 758
1 6413
1 9522
1 25189
1 6303
1 11335
1 22401
1 2149
1 15407
1 25017
1 1240
1 7704
1 24052
1 20237
1 20242
1 6288
1 4550
1 5214
1 14066
1 21573
1 24398
1 10942
1 2855
1 6793
1 2641
1 15716
1 14353
1 16498
1 20681
1 193
1 4892
1 19896
1 22451
1 4883
1 2837
1 19590
1 25932
1 17850
1 19928
1 10516
1 6825
1 631
1 17487
1 6421
1 12577
1 19867
1 25483
1 10204
1 19940
1 13559
1 3610
1 1293
1 7148
1 24841
1 3332
1 9596
1 23174
1 10513
1 9722
1 13599
1 19132
1 25405
1 4310
1 22598
1 25486
1 14289
1 24582
1 19754
1 3747
1 8331
1 9676
1 19304
1 12470
1 24760
1 4873
1 23690
1 9648
1 15791
1 4131
1 20732
1 22437
1 9149
1 22167
1 1823
1 14489
1 22605
1 16599
1 20494
