1 11226
1 6457
1 4792
1 895
1 5494
1 809
1 8644
1 11321
1 9849
1 8183
1 5040
1 1806
1 15955
1 8071
1 13447
1 11640
1 885
1 2719
1 9700
1 12462
1 5879
1 3365
1 286
1 10860
1 10546
1 1720
1 5977
1 1839
1 7658
1 12520
1 1550
1 8836
1 11091
1 16101
1 2494
1 939
1 9688
1 7622
1 14574
1 5629
1 2419
1 9261
1 1948
1 3808
1 477
1 619
1 16522
1 10776
1 5429
1 13853
1 3456
1 13470
1 4603
1 13145
1 5064
1 3690
1 6834
1 15276
1 16468
1 6920
1 1192
1 10585
1 11710
1 1910
1 9859
1 9912
1 6366
1 2358
1 11479
1 15877
1 4345
1 6612
1 746
1 2914
1 13568
1 935
1 9494
1 8884
1 13637
1 12481
1 6221
1 830
1 9900
1 11199
1 7591
1 929
1 893
1 1970
1 2297
1 6936
1 8756
1 447
1 11866
1 4547
1 4286
1 265
1 4790
1 477
1 6264
1 2545
1 3830
1 5702
1 9814
1 4421
1 3391
1 584
1 16271
1 7402
1 3079
1 54
1 4174
1 3941
1 163
1 5691
1 4807
1 2305
1 1159
1 15951
1 4773
1 2803
1 12173
1 9046
1 13872
1 9358
1 4671
1 11930
1 1119
1 4291
1 4179
1 12361
1 13932
1 16338
1 15066
1 2592
1 223
1 2078
1 7823
1 4246
1 1790
1 828
1 14122
1 6384
1 108
1 2794
1 4820
1 14663
1 567
1 2516
1 6627
1 6541
1 14194
1 1164
1 14998
1 2489
1 2812
1 245
1 9751
1 4356
1 28
1 5312
1 8861
1 16757
1 7735
1 23
1 2902
1 13191
1 5842
1 2923
1 9199
1 13741
1 2689
1 544
1 8420
1 4647
1 11675
1 3673
1 828
1 3089
1 7619
1 3053
1 1053
1 7558
1 11649
1 1240
1 8323
1 10907
1 13364
1 12978
1 9761
1 1195
1 1428
1 1038
1 16962
1 1960
1 3990
1 15773
1 10020
1 3414
1 3591
1 6932
1 13631
1 16459
1 8508
1 3245
1 16493
1 11278
1 11864
1 4253
1 4944
1 5522
1 2056
1 3750
1 1005
1 447
1 3981
1 0
1 2339
1 1009
1 10601
1 13302
1 3926
1 108
1 2331
1 7624
1 6406
1 12684
1 481
1 9613
1 1542
1 15433
1 4887
1 2448
1 8675
1 12666
1 2642
1 4660
1 14134
1 15582
1 12794
1 14475
1 8441
1 8281
1 12455
1 14366
1 8721
1 113
1 2980
1 1937
1 10154
1 2325
1 1455
1 30
1 16475
1 14415
1 13023
1 9228
1 10387
1 10036
1 485
1 7354
1 9067
1 3187
1 2393
1 5923
1 220
1 16320
1 14877
1 1173
1 12035
1 316
1 4820
1 8823
1 15313
1 14630
1 2874
1 13191
1 4426
1 335
1 16830
1 14283
1 9552
1 11197
1 6347
1 2841
1 4119
1 4009
1 10601
1 5339
1 1637
1 6330
1 7114
1 450
1 10797
1 180
1 3800
1 15787
1 3776
1 10787
1 12615
1 11700
1 16948
1 10009
1 13675
1 7498
1 648
1 11494
1 10500
1 8038
1 2885
1 451
1 4459
1 15135
1 13860
1 8521
1 12563
1 1199
1 6796
1 359
1 5110
1 418
1 9461
1 6127
1 8063
1 8641
1 11290
1 2853
1 1669
1 12840
1 1588
1 16006
1 3625
1 2768
1 2717
1 1318
1 14988
1 9210
1 12419
1 1717
1 12526
1 1403
1 9207
1 15780
1 13765
1 5560
1 11327
1 16712
1 3638
1 8032
1 13900
1 12658
1 10180
1 12105
1 11100
1 11959
1 4996
1 3345
1 5524
1 16449
1 6229
1 13534
1 2445
1 16694
1 9292
1 4448
1 13784
1 8922
1 12574
1 11986
1 12107
1 955
1 3562
1 13241
1 12170
1 9977
1 9291
1 8206
1 15947
1 7222
1 2123
1 15059
1 4922
1 16287
1 3062
1 1994
1 3183
1 3724
1 14877
1 8765
1 1200
1 14274
1 2967
1 2794
1 12932
1 14152
1 14626
1 6840
1 2441
1 7374
1 13218
1 6967
1 6449
1 13553
1 9528
1 14975
1 1937
1 4808
1 10633
1 3591
1 15862
1 6475
1 226
1 277
1 9878
1 504
1 4065
1 5060
1 109
1 5264
1 8852
1 3366
1 2246
1 14455
1 5515
1 1204
1 12330
1 1569
1 8030
1 4536
1 11439
1 9790
1 4461
1 3538
1 9029
1 2768
1 13025
1 12838
1 5528
1 13595
1 8712
1 7826
1 9235
1 10354
1 5754
1 178
1 1714
1 11521
1 3786
1 9442
1 2787
1 11571
1 9834
1 2885
1 6136
1 5427
1 12940
1 12288
1 7025
1 953
1 8980
1 12554
1 6943
1 632
1 14953
1 12563
1 447
1 11159
1 12842
1 685
1 13079
1 1491
1 13682
1 7409
1 11285
1 13894
1 1313
1 9480
1 286
1 5712
1 5575
1 12429
1 11610
1 9857
1 8318
1 3149
1 8721
1 2228
1 767
1 12445
1 13786
1 9941
1 6379
1 11298
1 9060
1 11515
1 3478
1 9652
1 125
1 6432
1 16106
1 3569
1 15793
1 1983
1 14282
1 10367
1 4263
1 5707
1 10513
1 3430
1 5805
1 9059
1 701
1 2462
1 8713
1 5794
1 5170
1 3284
1 2232
1 9416
1 2822
1 3914
1 2059
1 334
1 6484
1 6045
1 2898
1 5175
1 2186
1 13090
1 6689
1 5201
1 772
1 8116
1 9926
1 4962
1 3709
1 13599
1 1611
1 4492
1 14771
1 4099
1 13998
1 169
1 5716
1 101
1 1152
1 9167
1 5721
1 6625
1 1958
1 3535
1 3637
1 1
1 16912
1 926
1 463
1 15979
1 107
1 2489
1 861
1 290
1 3721
1 13141
1 8510
1 4083
1 1227
1 2445
1 4147
1 624
1 582
1 755
1 62
1 4121
1 15186
1 1013
1 666
1 1090
1 13774
1 666
1 11924
1 6794
1 5448
1 5941
1 3468
1 10983
1 6869
1 1253
1 14556
1 379
1 13344
1 7524
1 13279
1 2096
1 15715
1 15865
1 3026
1 4633
1 7428
1 1944
1 10306
1 9355
1 5690
1 11948
1 6516
1 7111
1 7372
1 10110
1 13727
1 14607
1 5809
1 5107
1 16100
1 14569
1 776
1 10364
1 7702
1 3686
1 1482
1 1890
1 13863
1 14450
1 14914
1 5797
1 1070
1 13237
1 1776
1 4205
1 10828
1 5321
1 13438
1 4800
1 2216
1 7120
1 15815
1 9764
1 14150
1 4774
1 10468
1 14645
1 421
1 7656
1 4764
1 4330
1 16497
1 3032
1 2214
1 6643
1 9840
1 4342
1 8522
1 10555
1 834
1 12377
1 15954
1 15730
1 13654
1 709
1 6581
1 9833
1 10307
1 1743
1 7167
1 4337
1 7731
1 9142
1 13548
1 917
1 2268
1 9969
1 7061
1 9456
1 8680
1 8602
1 5607
1 8636
1 1946
1 6546
1 8886
1 13428
1 7953
1 15512
1 11186
1 16869
1 7413
1 7367
1 3275
1 16274
1 10856
1 5489
1 5909
1 5437
1 7283
1 4209
1 1455
1 917
1 15722
1 6563
1 7468
1 1930
1 13942
1 1779
1 551
1 5316
1 12103
1 678
1 3823
1 6432
1 6326
1 13787
1 6258
1 7918
1 5675
1 236
1 13757
1 845
1 12406
1 12868
1 10079
1 121
1 1134
1 139
1 15267
1 3796
1 9343
1 3642
1 8451
1 2303
1 2500
1 6432
1 11995
1 2368
1 742
1 16560
1 3007
1 2358
1 5919
1 2365
1 3418
1 4340
1 5498
1 2325
1 10322
1 3227
1 4509
1 2876
1 738
1 8453
1 6682
1 6629
1 14443
1 3239
1 16334
1 109
1 5930
1 16121
1 6359
1 10374
1 2843
1 12439
1 1047
1 1555
1 1090
1 13819
1 4184
1 2149
1 5765
1 5072
1 6152
1 430
1 3050
1 4839
1 12356
1 13701
1 13197
1 11850
1 3023
1 13465
1 2663
1 5677
1 13321
1 6144
1 457
1 639
1 2552
1 7035
1 13680
1 869
1 9910
1 5344
1 1180
1 13229
1 6028
1 4853
1 5017
1 14
1 2226
1 8153
1 14218
1 10322
1 1440
1 11643
1 829
1 1793
1 4533
1 2175
1 5158
1 13068
1 14607
1 9271
1 6668
1 2860
1 6869
1 6639
1 10944
1 812
1 1298
1 15007
1 10662
1 15379
1 12877
1 200
1 13944
1 5776
1 6829
1 13086
1 10710
1 4040
1 1026
1 6869
1 9837
1 12550
1 12471
1 5058
1 446
1 4806
1 16335
1 27
1 3264
1 2577
1 3313
1 15527
1 12335
1 9172
1 8641
1 16391
1 1989
1 1739
1 1475
1 8636
1 10470
1 10648
1 27
1 11199
1 4311
1 13242
1 2371
1 1024
1 3113
1 4237
1 13403
1 2583
1 14309
1 6437
1 13686
1 2382
1 10605
1 16045
1 3830
1 1200
1 1948
1 5569
1 2008
1 14042
1 6917
1 1210
1 9966
1 4789
1 3175
1 4179
1 9387
1 7976
1 8874
1 10164
1 948
1 7315
1 9609
1 3589
1 3103
1 655
1 5801
1 6076
1 5123
1 11500
1 4291
1 10257
1 15941
1 2848
1 7633
1 14144
1 12887
1 3496
1 12733
1 1524
1 716
1 287
1 2536
1 12449
1 240
1 8606
1 2411
1 7927
1 11990
1 15871
1 8394
1 8429
1 10501
1 5328
1 12092
1 2345
1 7541
1 15720
1 4597
1 9708
1 6895
1 1049
1 3750
1 12350
1 8524
1 13615
1 7871
1 6094
1 5456
1 12623
1 11783
1 11861
1 9785
1 9959
1 11738
1 12215
1 7732
1 8282
1 3159
1 9688
1 1401
1 1775
1 8361
1 7904
1 14269
1 14716
1 3714
1 13845
1 7583
1 12966
1 16377
1 9958
1 12170
1 14943
1 9985
1 477
1 2429
1 102
1 1020
1 2417
1 2630
1 3459
1 3073
1 1816
1 5427
1 16506
1 8982
1 14523
1 5007
1 6809
1 3065
1 4981
1 273
1 8267
1 15476
1 7183
1 9029
1 3120
1 13210
1 15670
1 3071
1 15790
1 8270
1 1466
1 7618
1 12576
1 16895
1 12942
1 15697
1 9241
1 4641
1 1670
1 6465
1 2489
1 16216
1 3469
1 4579
1 11349
1 6343
1 13314
1 14830
1 521
1 7306
1 3109
1 9966
1 1191
1 9863
1 12274
1 15328
1 5430
1 13942
1 14020
1 10633
1 808
1 921
1 13778
1 5322
1 1348
1 1809
1 2147
1 10558
1 1219
1 276
1 13786
1 293
1 14133
1 1000
1 7848
1 16121
1 8162
1 2298
1 16609
1 3707
1 16947
1 8452
1 13514
1 4894
1 16277
1 6484
1 14246
1 9508
1 7071
1 11359
1 1447
1 5690
1 977
1 5456
1 1353
1 14222
1 16343
1 1616
1 9299
1 8452
1 1178
1 27
1 519
1 8710
1 9367
1 6495
1 15563
1 7891
1 7394
1 1937
1 3907
1 10686
1 8831
1 12554
1 14603
1 15804
1 6900
1 7914
1 1300
1 1395
1 9671
1 4328
1 1469
1 10531
1 12383
1 11248
1 2541
1 243
1 485
1 16231
1 6759
1 9110
1 1395
1 11335
1 5814
1 7219
1 2358
1 12453
1 2895
1 13838
1 2041
1 14831
1 8467
1 10101
1 14834
1 13750
1 2845
1 2448
1 4931
1 1712
1 5047
1 6494
1 13675
1 13299
1 304
1 3107
1 8289
1 16544
1 7240
1 6495
1 6252
1 4492
1 14326
1 7209
1 9731
1 813
1 5001
1 755
1 2091
1 13787
1 4008
1 6519
1 1402
1 7188
1 12232
1 2352
1 1117
1 10358
1 10201
1 11917
1 16130
1 9855
1 14118
1 6384
1 14476
1 560
1 14049
1 3089
1 1185
1 16081
1 5702
1 2737
1 5428
1 3272
1 1375
1 5943
1 11524
1 15012
1 172
1 12316
1 2227
1 2578
1 6633
1 12351
1 11602
1 13588
1 8754
1 4295
1 1350
1 67
1 5120
1 3447
1 7030
1 6747
1 485
1 2114
1 15945
1 5363
1 11306
1 6033
1 266
1 4721
1 3148
1 9466
1 7231
1 9852
1 7331
1 2191
1 1199
1 3679
1 4358
1 11177
1 4805
1 1704
1 2166
1 10370
1 9451
1 6633
1 4063
1 8726
1 10218
1 12961
1 8551
1 6669
1 13944
1 9030
1 4627
1 418
1 13705
1 8747
1 6721
1 6047
1 917
1 5180
1 7027
1 7658
1 10026
1 15354
1 13767
1 2489
1 5403
1 15001
1 14645
1 7120
1 7975
1 14976
1 7891
1 8219
1 3253
1 2567
1 14797
1 3877
1 11235
1 2521
1 5607
1 14303
1 3074
1 3358
1 4658
1 5295
1 2944
1 7647
1 15332
1 5346
1 14715
1 15964
1 4281
1 207
1 7721
1 3056
1 2593
1 11639
1 12842
1 920
1 2008
1 4854
1 10665
1 781
1 1707
1 760
1 6083
1 11185
1 13695
1 4354
1 11395
1 8853
1 4120
1 10005
1 12242
1 2621
1 1316
1 1882
1 13341
1 11786
1 14755
1 8521
1 4252
1 10225
1 6999
1 4744
1 12271
1 11198
1 5511
1 10047
1 5836
1 6393
1 1312
1 4450
1 2683
1 1784
1 12521
1 7261
1 9519
1 7620
1 12827
1 13727
1 8075
1 16666
1 4851
1 13365
1 996
1 5490
1 628
1 6520
1 8516
1 4812
1 11179
1 1747
1 230
1 5459
1 4179
1 3802
1 9175
1 14607
1 7886
1 7536
1 8281
1 946
1 13703
1 2653
1 3490
1 1863
1 10077
1 9309
1 14607
1 11250
1 12103
1 13144
1 10497
1 1213
1 1956
1 6350
1 9526
1 2376
1 14365
1 7915
1 2776
1 13514
1 5981
1 15245
1 7672
1 1304
1 14025
1 16429
1 5775
1 11589
1 9966
1 6740
1 15012
1 15976
1 12840
1 13342
1 9532
1 7316
1 16460
1 5439
1 6695
1 16654
1 3279
1 484
1 6218
1 3236
1 6020
1 12628
1 8068
1 16506
1 13437
1 7680
1 239
1 12080
1 5073
1 3519
1 12294
1 9418
1 9566
1 3783
1 6468
1 1401
1 371
1 2095
1 10894
1 15193
1 11846
1 5949
1 10463
1 7398
1 4651
1 888
1 7696
1 2044
1 15540
1 12109
1 7998
1 1207
1 9570
1 5589
1 16739
1 240
1 8968
1 10063
1 2953
1 1957
1 7921
1 3768
1 7197
1 6430
1 4572
1 11100
1 15175
1 1050
1 430
1 7883
1 8274
1 247
1 161
1 6287
1 3649
1 7496
1 5536
1 2298
1 10304
1 1920
1 761
1 5771
1 16497
1 509
1 10897
1 6611
1 2713
1 9867
1 22
1 8380
1 117
1 11214
1 2772
1 9787
1 11506
1 12399
1 9671
1 15010
1 8115
1 8768
1 8707
1 7046
1 7310
1 5583
1 14793
1 10475
1 2791
1 15149
1 4684
1 2147
1 14646
1 4068
1 4394
1 2220
1 11493
1 4648
1 5638
1 12473
1 3353
1 11995
1 2077
1 15319
1 5874
1 2262
1 3378
1 715
1 3301
1 13752
1 1499
1 6580
1 3491
1 5417
1 11985
1 109
1 3268
1 1403
1 1565
1 8357
1 1379
1 13747
1 7480
1 7476
1 1219
1 8791
1 7981
1 2928
1 1477
1 13257
1 9880
1 3660
1 5782
1 9966
1 1670
1 9847
1 8989
1 13865
1 16505
1 9846
1 11157
1 7117
1 4221
1 906
1 11924
1 982
1 5265
1 6001
1 13469
1 5173
1 9545
1 13055
1 793
1 16776
1 15695
1 1584
1 12815
1 11867
1 3129
1 5711
1 3687
1 15085
1 8126
1 10638
1 205
1 7408
1 3601
1 4179
1 7280
1 13263
1 14540
1 8897
1 1509
1 14968
1 5687
1 12503
1 4705
1 2494
1 7088
1 3173
1 5207
1 11708
1 9902
1 10322
1 6393
1 3006
1 8500
1 5885
1 15579
1 1376
1 655
1 9103
1 13638
1 12263
1 5194
1 1883
1 13671
1 5772
1 3841
1 293
1 13795
1 6273
1 1992
1 5306
1 7140
1 10192
1 8256
1 15131
1 160
1 7630
1 15103
1 5131
1 2592
1 1910
1 7947
1 2228
1 3612
1 1147
1 2335
1 13637
1 5751
1 7940
1 477
1 3655
1 33
1 7049
1 5566
1 941
1 5194
1 8950
1 5518
1 7521
1 14108
1 10014
1 15475
1 5897
1 5492
1 9212
1 9197
1 3975
1 13607
1 8230
1 3430
1 15816
1 3961
1 750
1 13904
1 8459
1 9882
1 3235
1 1313
1 7625
1 5393
1 11778
1 42
1 10983
1 11712
1 6168
1 16122
1 8270
1 11376
1 3032
1 16194
1 7493
1 4548
1 12983
1 6035
1 3324
1 6335
1 10787
1 4537
1 2472
1 9848
1 8433
1 7342
1 3698
1 14649
1 13688
1 5971
1 3662
1 13601
1 7267
1 14607
1 7581
1 1195
1 13277
1 11194
1 13984
1 4616
1 7292
1 4097
1 3204
1 1621
1 4478
1 13602
1 816
1 189
1 3896
1 1788
1 5807
1 13614
1 4651
1 4547
1 13753
1 10275
1 2903
1 8063
1 7421
1 7484
1 1186
1 1811
1 4068
1 13527
1 7415
1 6345
1 12321
1 5944
1 10486
1 9530
1 7215
1 10267
1 13768
1 5787
1 3455
1 2296
1 14164
1 2403
1 671
1 15382
1 14342
1 7269
1 5835
1 16105
1 1180
1 14227
1 1272
1 14502
1 13366
1 16567
1 4584
1 10260
1 10613
1 16462
1 3678
1 8577
1 13218
1 15646
1 563
1 12244
1 6685
1 7757
1 7551
1 1661
1 6689
1 3592
1 10397
1 3943
1 4181
1 3010
1 1203
1 5466
1 13210
1 723
1 3714
1 12067
1 2886
1 969
1 3218
1 859
1 1562
1 1931
1 5474
1 3239
1 15102
1 2252
1 1015
1 14095
1 1524
1 8906
1 10995
1 13849
1 15801
1 9341
1 4036
1 13738
1 300
1 10870
1 2584
1 8232
1 1814
1 1548
1 7034
1 1862
1 1141
1 13575
1 3988
1 6555
1 837
1 2378
1 8000
1 1957
1 7510
1 16249
1 10024
1 2240
1 12249
1 7933
1 15853
1 6754
1 545
1 2906
1 3034
1 2465
1 9491
1 2041
1 13489
1 6537
1 7167
1 1756
1 3298
1 3760
1 13443
1 14103
1 12213
1 7072
1 9998
1 10071
1 7500
1 12470
1 5467
1 715
1 4925
1 16024
1 3601
1 5286
1 14158
1 15324
1 6449
1 1107
1 15961
1 12589
1 4729
1 678
1 8692
1 7286
1 892
1 6287
1 1333
1 6628
1 69
1 1937
1 16959
1 6403
1 15734
1 2314
1 9498
1 12520
1 1365
1 13049
1 10550
1 3144
1 2006
1 16979
1 1853
1 2477
1 15085
1 13703
1 5138
1 15432
1 8979
1 7049
1 4091
1 4019
1 12024
1 1095
1 400
1 6427
1 481
1 7748
1 8687
1 9164
1 16280
1 1202
1 9882
1 2989
1 12073
1 13937
1 2729
1 1803
1 8950
1 4343
1 8506
1 14018
1 2235
1 10409
1 12049
1 11307
1 2584
1 6646
1 4016
1 15958
1 9528
1 1484
1 9616
1 9677
1 9224
1 11881
1 3083
1 5315
1 944
1 12753
1 5328
1 11760
1 7796
1 9239
1 15144
1 2688
1 4726
1 1665
1 477
1 5591
1 10558
1 14898
1 1940
1 1090
1 1486
1 2291
1 2162
1 7846
1 2038
1 11205
1 3117
1 2621
1 2920
1 1345
1 2744
1 13714
1 3175
1 8756
1 14461
1 8272
1 4080
1 1987
1 6345
1 9561
1 2781
1 14758
1 12631
1 2138
1 5718
1 3119
1 9241
1 11572
1 644
1 43
1 1664
1 5323
1 6521
1 3616
1 4766
1 13040
1 9023
1 5279
1 10193
1 15914
1 11310
1 12342
1 13734
1 13842
1 862
1 5922
1 10509
1 42
1 10038
1 6997
1 10866
1 740
1 9428
1 11781
1 12470
1 11532
1 1865
1 4436
1 2935
1 12244
1 10043
1 367
1 9150
1 7267
1 12343
1 5791
1 5753
1 1437
1 2211
1 249
1 1113
1 14585
1 3839
1 15670
1 13545
1 14668
1 8565
1 14497
1 28
1 1035
1 1428
1 4731
1 1590
1 2416
1 2800
1 14635
1 5344
1 5013
1 1390
1 8490
1 10857
1 4435
1 15232
1 4062
1 11877
1 8194
1 12005
1 12584
1 11710
1 2281
1 16135
1 6923
1 7138
1 13171
1 7810
1 4811
1 442
1 4649
1 1576
1 12604
1 211
1 13751
1 2364
1 8337
1 14628
1 571
1 16362
1 4192
1 9797
1 5346
1 8364
1 3167
1 451
1 8591
1 5267
1 2816
1 8844
1 16335
1 1192
1 4852
1 3517
1 4880
1 10681
1 11613
1 15840
1 10786
1 15702
1 11801
1 1722
1 9578
1 14568
1 8530
1 14827
1 11955
1 740
1 13678
1 1686
1 2154
1 13958
1 6010
1 14035
1 5098
1 2589
1 1930
1 6188
1 62
1 3225
1 7449
1 1275
1 7445
1 8813
1 13979
1 2515
1 3223
1 7265
1 8158
1 1451
1 14715
1 10169
1 15472
1 7978
1 1676
1 9680
1 12516
1 2199
1 11367
1 2345
1 13757
1 9595
1 1383
1 13061
1 1794
1 16609
1 3780
1 11833
1 4641
1 3476
1 7657
1 14
1 5221
1 13946
1 4540
1 4095
1 1745
1 10886
1 10761
1 6383
1 16321
1 1712
1 8407
1 528
1 2867
1 2418
1 4973
1 5962
1 6721
1 11174
1 5243
1 2267
1 3073
1 12741
1 3004
1 13770
1 9684
1 16598
1 14035
1 3974
1 10763
1 5791
1 2233
1 11233
1 6476
1 5102
1 5002
1 6511
1 9566
1 12233
1 3062
1 13883
1 15194
1 3191
1 15197
1 13199
1 12147
1 307
1 333
1 7353
1 303
1 14119
1 294
1 11354
1 8192
1 14371
1 10319
1 5363
1 14504
1 13327
1 2923
1 4546
1 411
1 4133
1 12464
1 10091
1 13192
1 16069
1 1234
1 5337
1 3986
1 11135
1 6156
1 5620
1 1104
1 14642
1 7139
1 13753
1 3071
1 247
1 12276
1 767
1 14614
1 2808
1 15441
1 9229
1 7743
1 1021
1 11609
1 16157
1 2624
1 453
1 5000
1 1178
1 4039
1 6686
1 1585
1 9201
1 1665
1 12397
1 4759
1 7646
1 4123
1 8438
1 15412
1 28
1 15778
1 845
1 13721
1 16152
1 3978
1 3944
1 9885
1 13842
1 9244
1 7289
1 3572
1 1280
1 6327
1 6761
1 13459
1 13766
1 15969
1 655
1 15294
1 5776
1 1416
1 17
1 274
1 16723
1 2029
1 6639
1 2354
1 13099
1 5644
1 5929
1 7248
1 8149
1 15372
1 16855
1 13164
1 14556
1 14093
1 4032
1 4040
1 12932
1 4619
1 13704
1 9600
1 890
1 7065
1 1673
1 7170
1 1018
1 1953
1 2540
1 8202
1 5108
1 12958
1 3632
1 6938
1 7956
1 1556
1 6847
1 9069
1 8793
1 13194
1 2137
1 11774
1 372
1 15716
1 687
1 3874
1 120
1 4445
1 15054
1 11561
1 7881
1 8952
1 2268
1 3735
1 3740
1 2175
1 8533
1 11718
1 1375
1 1062
1 4701
1 1498
1 8477
1 13109
1 7082
1 15798
1 1091
1 12568
1 3079
1 1365
1 9825
1 14202
1 15958
1 8115
1 15216
1 14892
1 12244
1 8708
1 1764
1 12548
1 14962
1 8994
1 8478
1 683
1 1986
1 1109
1 16384
1 7825
1 4587
1 13631
1 3708
1 13686
1 5944
1 5309
1 7672
1 12103
1 11136
1 9787
1 5541
1 12829
1 8172
1 13400
1 13092
1 4841
1 7878
1 5312
1 8063
1 5124
1 12497
1 3642
1 6088
1 7519
1 10647
1 62
1 8853
1 16780
1 3167
1 6757
1 15669
1 13270
1 9701
1 8971
1 15735
1 5848
1 3016
1 9074
1 16778
1 7210
1 180
1 2609
1 13681
1 4839
1 6038
1 142
1 3313
1 2853
1 4070
1 9177
1 2411
1 2167
1 240
1 8182
1 5312
1 243
1 9699
1 175
1 13374
1 8158
1 6562
1 10484
1 16226
1 13662
1 12794
1 2529
1 2715
1 2480
1 15709
1 8659
1 11231
1 11757
1 2977
1 2533
1 3676
1 10862
1 4123
1 12140
1 11164
1 16012
1 979
1 2053
1 5653
1 6767
1 1932
1 8889
1 13236
1 1310
1 1582
1 7825
1 3769
1 2235
1 3213
1 8415
1 9103
1 5899
1 11128
1 9755
1 10183
1 1242
1 5947
1 5097
1 12054
1 14410
1 7430
1 9041
1 5862
1 3762
1 14022
1 12806
1 10156
1 15890
1 16721
1 9464
1 13147
1 7856
1 8750
1 13164
1 14391
1 2290
1 9790
1 5142
1 4346
1 6953
1 5197
1 7729
1 1196
1 5700
1 7100
1 1600
1 2290
1 11783
1 7075
1 2200
1 6472
1 8724
1 4689
1 4613
1 2497
1 444
1 2001
1 2735
1 7593
1 1931
1 4311
1 1203
1 15436
1 6809
1 12505
1 10909
1 10395
1 13014
1 7859
1 16105
1 7090
1 12054
1 3057
1 13425
1 14637
1 13553
1 4573
1 13747
1 16194
1 2797
1 770
1 6480
1 13575
1 4040
1 6506
1 6842
1 14148
1 5623
1 11571
1 4945
1 15058
1 15252
1 4050
1 3751
1 9411
1 2341
1 10662
1 3150
1 43
1 627
1 1020
1 8090
1 5400
1 3981
1 5676
1 3602
1 12990
1 8317
1 15142
1 4211
1 12392
1 1706
1 8349
1 8241
1 1213
1 13410
1 15909
1 9802
1 15041
1 14772
1 8715
1 14177
1 10225
1 9034
1 6466
1 15696
1 52
1 12278
1 2768
1 3478
1 9116
1 3646
1 11022
1 9530
1 15233
1 10536
1 2584
1 14413
1 776
1 16137
1 3160
1 2053
1 4945
1 9164
1 6927
1 10603
1 9392
1 4289
1 42
1 2454
1 2297
1 1904
1 15129
1 1922
1 15958
1 406
1 10787
1 2409
1 3589
1 6568
1 5837
1 5932
1 11504
1 2607
1 247
1 5589
1 15792
1 10817
1 1700
1 15093
1 8099
1 11640
1 1395
1 8364
1 12954
1 5782
1 921
1 8929
1 5031
1 3354
1 776
1 3752
1 10081
1 3649
1 7348
1 13670
1 441
1 3808
1 13727
1 14988
1 6556
1 4306
1 5720
1 11804
1 1977
1 3704
1 7484
1 6799
1 12597
1 6248
1 9934
1 2
1 9632
1 11651
1 10675
1 2127
1 3812
1 1213
1 648
1 10542
1 3244
1 11238
1 10950
1 655
1 15768
1 12728
1 3806
1 3472
1 13385
1 3806
1 1062
1 2549
1 8322
1 10351
1 12660
1 8457
1 5501
1 7302
1 7054
1 1585
1 2215
1 10775
1 8982
1 14919
1 7693
1 2032
1 5633
1 1968
1 3808
1 13703
1 2057
1 1714
1 12625
1 14
1 1203
1 6239
1 3970
1 16781
1 14035
1 1187
1 2448
1 4918
1 1826
1 2163
1 6344
1 15154
1 10621
1 15410
1 3474
1 5840
1 1774
1 135
1 2404
1 3705
1 13862
1 9593
1 10111
1 1665
1 12687
1 3087
1 13410
1 4646
1 6537
1 16313
1 1868
1 9766
1 807
1 2842
1 3223
1 7335
1 15787
1 1050
1 15875
1 10921
1 8433
1 15815
1 5458
1 4733
1 14607
1 1161
1 16931
1 3683
1 8482
1 13386
1 369
1 15218
1 12055
1 1030
1 2900
1 4151
1 972
1 6550
1 6060
1 13440
1 11438
1 14164
1 9839
1 10567
1 6011
1 2914
1 7931
1 1538
1 1193
1 14265
1 15794
1 13664
1 9466
1 9985
1 1444
1 9133
1 11273
1 5351
1 13958
1 1277
1 5286
1 561
1 9000
1 7511
1 9867
1 239
1 5422
1 3365
1 4678
1 14545
1 7947
1 1917
1 2219
1 3857
1 13109
1 3318
1 12922
1 746
1 3247
1 13659
1 9164
1 10359
1 969
1 1755
1 14814
1 12362
1 16045
1 2216
1 6850
1 15836
1 15589
1 9711
1 6541
1 7325
1 5270
1 12911
1 842
1 13933
1 15958
1 4697
1 8412
1 4430
1 15920
1 11095
1 6572
1 5663
1 7054
1 1626
1 14076
1 7343
1 10841
1 15072
1 13794
1 11527
1 2041
1 8448
1 9968
1 2480
1 2798
1 4321
1 1900
1 5365
1 2
1 14256
1 224
1 3779
1 15432
1 3445
1 760
1 12947
1 4878
1 11858
1 10546
1 3775
1 2987
1 2755
1 328
1 11571
1 10907
1 12505
1 8541
1 6947
1 5958
1 4528
1 36
1 8899
1 15593
1 2107
1 8461
1 2559
1 5592
1 875
1 9310
1 4968
1 11651
1 3051
1 7907
1 11589
1 11717
1 12365
1 972
1 6406
1 8353
1 7346
1 14008
1 12337
1 10461
1 10714
1 658
1 3016
1 2042
1 3212
1 13773
1 2622
1 3489
1 1428
1 507
1 369
1 12972
1 13473
1 4172
1 1040
1 8112
1 1673
1 9045
1 118
1 165
1 7377
1 12194
1 11503
1 4669
1 13639
1 2162
1 6755
1 6548
1 1171
1 5143
1 655
1 12276
1 3726
1 2872
1 12935
1 9644
1 1400
1 9049
1 5835
1 13075
1 1795
1 16768
1 11867
1 7947
1 16878
1 9005
1 9579
1 2893
1 845
1 526
1 1767
1 16965
1 13782
1 6158
1 1444
1 2389
1 3096
1 380
1 2169
1 8026
1 4240
1 8648
1 477
1 647
1 662
1 9366
1 14766
1 2375
1 3878
1 9392
1 13708
1 6474
1 3545
1 812
1 1191
1 5400
1 482
1 16873
1 2732
1 6812
1 6180
1 2504
1 4394
1 5044
1 16726
1 15877
1 1358
1 1335
1 1085
1 2880
1 1204
1 9998
1 11371
1 5098
1 16896
1 888
1 13597
1 68
1 14162
1 6065
1 1350
1 1495
1 5785
1 15035
1 6237
1 12036
1 4638
1 15966
1 3875
1 13108
1 5034
1 3886
1 5893
1 677
1 5530
1 2166
1 8128
1 14459
1 1092
1 1794
1 1922
1 668
1 1562
1 11203
1 14458
1 13161
1 9600
1 11388
1 1668
1 3896
1 12606
1 9103
1 1098
1 14917
1 670
1 7977
1 10831
1 10478
1 9984
1 10475
1 1249
1 8062
1 2138
1 281
1 7123
1 448
1 13033
1 8193
1 16276
1 5570
1 14716
1 7667
1 2315
1 330
1 4364
1 10232
1 14164
1 8871
1 1747
1 13217
1 14358
1 14458
1 14964
1 7766
1 4240
1 8232
1 837
1 3981
1 14616
1 367
1 3812
1 4349
1 6453
1 11212
1 15325
1 7025
1 5077
1 15838
1 3887
1 1266
1 6731
1 2094
1 4832
1 12064
1 10546
1 14607
1 14580
1 8299
1 8821
1 4303
1 1881
1 880
1 12749
1 8799
1 245
1 12097
1 5725
1 9878
1 15792
1 1659
1 6265
1 14604
1 971
1 8549
1 9036
1 10923
1 11212
1 11132
1 15417
1 13677
1 11693
1 8865
1 1125
1 10083
1 1832
1 740
1 9960
1 383
1 12075
1 14113
1 4572
1 4179
1 1538
1 16487
1 276
1 7331
1 15431
1 5905
1 16492
1 7528
1 2649
1 11707
1 12206
1 3185
1 11595
1 7742
1 4119
1 10974
1 13410
1 66
1 12939
1 15843
1 1602
1 4990
1 12826
1 232
1 3958
1 3369
1 3523
1 5273
1 5699
1 1277
1 5629
1 3808
1 15787
1 4237
1 2194
1 477
1 4547
1 2216
1 15541
1 10945
1 2164
1 1706
1 11319
1 1471
1 14305
1 971
1 8411
1 3708
1 8248
1 5640
1 12330
1 15342
1 1751
1 6623
1 7157
1 15983
1 6949
1 2399
1 4583
1 1770
1 3561
1 16794
1 7429
1 447
1 12966
1 415
1 6082
1 8871
1 9909
1 12608
1 14877
1 1277
1 3185
1 10071
1 10316
1 2489
1 5565
1 155
1 4087
1 9520
1 5034
1 6399
1 4202
1 10268
1 16274
1 3407
1 4171
1 518
1 11091
1 13547
1 15215
1 1598
1 3477
1 461
1 6622
1 3567
1 7324
1 1259
1 5815
1 267
1 7035
1 12805
1 6598
1 12620
1 5001
1 6946
1 1277
1 15609
1 409
1 13020
1 843
1 2143
1 11337
1 1191
1 3446
1 4030
1 1634
1 14955
1 13194
1 9880
1 7042
1 548
1 2803
1 158
1 15311
1 14484
1 5951
1 16738
1 8094
1 11363
1 6337
1 8077
1 15114
1 7931
1 15402
1 2617
1 10414
1 4532
1 7694
1 5003
1 4214
1 7887
1 14539
1 7061
1 15572
1 8943
1 8149
1 400
1 7376
1 2580
1 10496
1 11183
1 12235
1 659
1 13813
1 10461
1 11163
1 7662
1 5346
1 917
1 16158
1 4954
1 11158
1 14273
1 6628
1 1005
1 6377
1 16926
1 16956
1 8723
1 7799
1 7245
1 15065
1 1441
1 4789
1 14958
1 6199
1 12865
1 9508
1 3341
1 3908
1 13447
1 6069
1 353
1 14055
1 6663
1 166
1 15256
1 8646
1 335
1 11206
1 667
1 8823
1 8891
1 15048
1 2671
1 6335
1 4364
1 31
1 10351
1 16280
1 16271
1 2293
1 12498
1 2237
1 4420
1 8400
1 4784
1 16939
1 8351
1 622
1 13687
1 8250
1 587
1 12680
1 3906
1 13449
1 817
1 12576
1 10378
1 1248
1 4087
1 12241
1 618
1 15546
1 3604
1 15291
1 3175
1 972
1 13110
1 13774
1 10111
1 5916
1 9033
1 15741
1 1186
1 3920
1 4409
1 8743
1 8326
1 9011
1 12297
1 13777
1 8971
1 1323
1 2261
1 10868
1 1606
1 16045
1 3166
1 11848
1 2681
1 4733
1 7155
1 5506
1 10787
1 10249
1 2768
1 3106
1 6592
1 12070
1 15078
1 5370
1 14914
1 7348
1 8313
1 7491
1 10217
1 15060
1 10471
1 5805
1 9978
1 3812
1 12831
1 4974
1 2304
1 11567
1 12490
1 2522
1 2158
1 16383
1 7806
1 7545
1 701
1 6829
1 11641
1 3726
1 1278
1 16917
1 3306
1 3905
1 9392
1 4282
1 10505
1 6541
1 857
1 9532
1 9334
1 10600
1 1082
1 1928
1 15475
1 1357
1 3591
1 7496
1 7222
1 4295
1 11831
1 4122
1 4638
1 8051
1 5413
1 270
1 520
1 3591
1 3739
1 2368
1 16914
1 4608
1 8019
1 9289
1 7135
1 845
1 1718
1 15192
1 10119
1 3049
1 14718
1 10509
1 14402
1 14143
1 5891
1 1903
1 2211
1 989
1 7626
1 2709
1 2221
1 8247
1 13777
1 15089
1 1733
1 8061
1 5267
1 16362
1 15204
1 13779
1 13119
1 281
1 4743
1 5034
1 6432
1 3233
1 5638
1 4531
1 9828
1 6085
1 3061
1 8102
1 12914
1 3724
1 14675
1 2303
1 2156
1 14605
1 12073
1 7169
1 15677
1 6347
1 13777
1 10086
1 1349
1 4179
1 15136
1 7786
1 8074
1 9773
1 5531
1 3482
1 14013
1 12467
1 4547
1 15302
1 485
1 1796
1 9392
1 1264
1 4755
1 8874
1 989
1 8751
1 6521
1 760
1 12342
1 7102
1 5763
1 2243
1 8609
1 7620
1 2153
1 4136
1 15529
1 2024
1 11833
1 14594
1 1038
1 10681
1 7298
1 7460
1 9070
1 66
1 1192
1 12276
1 1129
1 7784
1 10552
1 4435
1 3694
1 11565
1 12645
1 239
1 8162
1 1190
1 11052
1 2761
1 9332
1 5092
1 15981
1 107
1 352
1 6216
1 5405
1 2221
1 5976
1 2122
1 2472
1 1951
1 984
1 16561
1 6617
1 8042
1 4783
1 13750
1 5206
1 9588
1 13696
1 2759
1 13061
1 761
1 33
1 972
1 2324
1 7810
1 3565
1 1408
1 13732
1 7780
1 6874
1 16768
1 3677
1 3665
1 5208
1 15783
1 7206
1 7761
1 12313
1 1111
1 6517
1 8032
1 11058
1 11236
1 4657
1 13875
1 6876
1 11174
1 1142
1 15063
1 525
1 4431
1 8860
1 4270
1 2798
1 14920
1 16633
1 686
1 3802
1 7763
1 68
1 2967
1 1930
1 633
1 13787
1 7739
1 2007
1 0
1 6031
1 7376
1 7351
1 2702
1 47
1 13188
1 7731
1 3120
1 3294
1 12369
1 16105
1 247
1 15354
1 14
1 4564
1 775
1 7212
1 8297
1 8394
1 8024
1 3032
1 6219
1 1941
1 14276
1 7787
1 139
1 3269
1 15323
1 16364
1 9133
1 628
1 8983
1 926
1 4324
1 4960
1 12649
1 7812
1 4449
1 2378
1 689
1 972
1 8268
1 9282
1 3210
1 740
1 15182
1 11621
1 17
1 10304
1 369
1 5021
1 8757
1 15324
1 1161
1 7618
1 5070
1 12963
1 11661
1 15969
1 5629
1 2393
1 7050
1 8974
1 14978
1 11567
1 988
1 7135
1 9123
1 16480
1 6076
1 14041
1 10091
1 4408
1 791
1 12901
1 7171
1 16146
1 10079
1 6537
1 7950
1 4643
1 14089
1 1239
1 3335
1 13828
1 11341
1 4104
1 11993
1 7238
1 10229
1 5311
1 7850
1 7762
1 1998
1 7250
1 2798
1 961
1 1761
1 7619
1 14734
1 10471
1 8097
1 11786
1 13567
1 13573
1 1839
1 13258
1 9213
1 14676
1 14400
1 4695
1 6609
1 4702
1 9174
1 14899
1 10016
1 4654
1 2637
1 11984
1 11337
1 14160
1 11134
1 8158
1 12664
1 13047
1 1195
1 3969
1 9367
1 2570
1 2442
1 8836
1 3627
1 7049
1 7188
1 7948
1 16807
1 13109
1 9106
1 10588
1 2750
1 7555
1 11106
1 8207
1 5346
1 1484
1 7170
1 4268
1 13787
1 10613
1 2007
1 3149
1 13687
1 12768
1 2707
1 348
1 3981
1 2177
1 10522
1 7645
1 15601
1 617
1 2711
1 10526
1 12088
1 3744
1 14711
1 13686
1 15016
1 7773
1 9059
1 11805
1 569
1 3678
1 11910
1 3726
1 1137
1 12443
1 7121
1 6081
1 15805
1 4994
1 10488
1 568
1 2712
1 15999
1 5390
1 3680
1 1180
1 14607
1 11167
1 3737
1 2743
1 1395
1 9565
1 5530
1 1230
1 4821
1 5088
1 10744
1 2588
1 15846
1 250
1 8964
1 11781
1 765
1 13367
1 16176
1 16727
1 773
1 7256
1 5034
1 1944
1 12435
1 6298
1 9966
1 2437
1 798
1 4768
1 1944
1 10268
1 15065
1 1175
1 2002
1 15648
1 9966
1 16364
1 13349
1 16467
1 705
1 2018
1 6729
1 9152
1 14166
1 7356
1 247
1 2148
1 10605
1 6465
1 12623
1 10799
1 11265
1 10484
1 5653
1 3970
1 11655
1 12335
1 7096
1 16889
1 13606
1 12335
1 13428
1 9840
1 10308
1 2327
1 1763
1 2945
1 3523
1 2257
1 3311
1 8291
1 10093
1 1653
1 3175
1 6406
1 1242
1 3752
1 15651
1 161
1 8207
1 1754
1 5425
1 251
1 15510
1 14607
1 2094
1 4852
1 4171
1 515
1 2078
1 7936
1 14029
1 2059
1 6258
1 6798
1 10550
1 16616
1 6855
1 3948
1 224
1 13324
1 990
1 5001
1 16589
1 14954
1 1210
1 7786
1 15998
1 4081
1 1408
1 16293
1 1385
1 11760
1 16056
1 16275
1 13831
1 11113
1 3495
1 3214
1 3962
1 1181
1 2269
1 6824
1 977
1 4568
1 15381
1 3631
1 8811
1 470
1 8028
1 4641
1 7521
1 2718
1 8260
1 7192
1 2462
1 370
1 5682
1 1365
1 7157
1 1903
1 7603
1 5075
1 1215
1 15212
1 4326
1 2552
1 12589
1 11350
1 14950
1 2086
1 1069
1 1669
1 3603
1 5742
1 15602
1 4069
1 13904
1 8504
1 15415
1 13568
1 9952
1 1362
1 7937
1 4587
1 11100
1 120
1 5835
1 8209
1 8891
1 10299
1 13752
1 1903
1 7799
1 4026
1 10255
1 14989
1 10653
1 11507
1 1876
1 918
1 681
1 8031
1 16206
1 3185
1 10692
1 4566
1 7703
1 5987
1 4406
1 13638
1 10086
1 6432
1 14018
1 5267
1 5958
1 13472
1 1937
1 7245
1 5393
1 6188
1 14192
1 1759
1 6882
1 6492
1 15564
1 7358
1 3789
1 6219
1 6731
1 2122
1 11703
1 2229
1 1734
1 7624
1 7048
1 10240
1 4007
1 5690
1 750
1 8695
1 3981
1 3685
1 846
1 5820
1 13781
1 10135
1 15363
1 14119
1 5765
1 3772
1 3688
1 2030
1 12506
1 16723
1 11664
1 1113
1 2472
1 171
1 1174
1 3506
1 168
1 5739
1 13858
1 10369
1 138
1 1483
1 16031
1 14449
1 377
1 9967
1 12506
1 9790
1 1901
1 4137
1 453
1 977
1 6842
1 9609
1 12992
1 8373
1 13400
1 642
1 6026
1 226
1 15372
1 9731
1 3919
1 4958
1 8160
1 9103
1 2178
1 2233
1 9358
1 667
1 1774
1 4148
1 2388
1 709
1 5155
1 6790
1 12748
1 12467
1 1073
1 2921
1 9336
1 14257
1 8585
1 15065
1 5920
1 7051
1 15997
1 13638
1 13201
1 15809
1 8353
1 5980
1 7970
1 15484
1 15118
1 9370
1 2626
1 5359
1 917
1 11870
1 10336
1 2943
1 1604
1 4190
1 8452
1 9145
1 2677
1 5358
1 7147
1 3854
1 5696
1 5615
1 3504
1 2877
1 485
1 16689
1 14993
1 12985
1 1456
1 3498
1 15073
1 2472
1 2448
1 2367
1 418
1 2790
1 2477
1 6453
1 2485
1 9548
1 8791
1 2392
1 14348
1 10355
1 15020
1 286
1 5357
1 7016
1 26
1 767
1 10316
1 9334
1 5071
1 9442
1 770
1 10085
1 4441
1 7981
1 3531
1 6011
1 4261
1 9379
1 845
1 5280
1 14541
1 6110
1 13132
1 9512
1 267
1 2536
1 14272
1 3055
1 6304
1 3759
1 14217
1 13536
1 10812
1 10367
1 2140
1 9362
1 15390
1 400
1 14195
1 11584
1 7520
1 12312
1 9525
1 11098
1 5809
1 1009
1 12223
1 8290
1 9272
1 13511
1 2790
1 7362
1 2159
1 15760
1 10735
1 11823
1 2678
1 480
1 5179
1 5045
1 13336
1 2521
1 15787
1 5263
1 13771
1 3886
1 8039
1 14140
1 1944
1 13716
1 5849
1 10222
1 767
1 14574
1 14602
1 2186
1 3559
1 3868
1 3578
1 16765
1 15726
1 1134
1 6484
1 13143
1 1365
1 13922
1 2038
1 1538
1 10828
1 16527
1 3863
1 2405
1 5709
1 4437
1 1139
1 14664
1 5753
1 3760
1 10228
1 5047
1 7874
1 16717
1 11903
1 3425
1 451
1 9086
1 13949
1 2489
1 14368
1 2008
1 13278
1 9430
1 2202
1 10620
1 16008
1 7443
1 1264
1 12824
1 5419
1 884
1 11737
1 15900
1 6314
1 2302
1 7787
1 10254
1 15718
1 13703
1 631
1 9805
1 4444
1 2029
1 1754
1 12228
1 16018
1 11317
1 5194
1 2240
1 8320
1 8659
1 11930
1 10699
1 5281
1 2720
1 478
1 1650
1 15604
1 10669
1 11514
1 14209
1 1889
1 4249
1 5916
1 746
1 8693
1 5820
1 13565
1 5373
1 6745
1 2030
1 5330
1 16177
1 15179
1 4348
1 11533
1 9038
1 10304
1 1859
1 242
1 3844
1 8394
1 7698
1 3584
1 9385
1 10844
1 1152
1 3548
1 11570
1 1728
1 2811
1 9555
1 8982
1 2708
1 6519
1 9018
1 1634
1 2300
1 13471
1 1912
1 15788
1 2788
1 10876
1 7249
1 4952
1 15878
1 450
1 294
1 7705
1 5550
1 568
1 3914
1 4753
1 483
1 12377
1 8190
1 12951
1 13662
1 9829
1 4448
1 5834
1 5223
1 5802
1 4655
1 13685
1 10554
1 8526
1 11323
1 5219
1 10344
1 7254
1 4718
1 16318
1 3403
1 14446
1 12998
1 9701
1 12425
1 2473
1 5046
1 1192
1 2759
1 5889
1 13110
1 14161
1 448
1 10864
1 10081
1 6304
1 8653
1 8960
1 1940
1 13839
1 15104
1 15610
1 12980
1 6259
1 6636
1 10805
1 5043
1 9110
1 10444
1 318
1 15304
1 7261
1 7687
1 5842
1 12275
1 4493
1 7993
1 2514
1 3407
1 3075
1 615
1 2163
1 6696
1 4533
1 13480
1 11109
1 1240
1 2564
1 2447
1 753
1 9786
1 5384
1 57
1 13105
1 13653
1 4331
1 4436
1 6424
1 12220
1 1104
1 4088
1 5737
1 17
1 4983
1 10480
1 14962
1 1411
1 8444
1 4892
1 15513
1 16498
1 1700
1 5977
1 902
1 6971
1 14894
1 12467
1 11530
1 14959
1 5148
1 11526
1 7192
1 16621
1 4891
1 2903
1 959
1 1503
1 15158
1 11718
1 9358
1 8965
1 1852
1 7506
1 2650
1 15344
1 2622
1 7884
1 13980
1 3157
1 10681
1 16520
1 15836
1 2742
1 14002
1 7978
1 6849
1 4414
1 961
1 5959
1 3737
1 5941
1 4040
1 9702
1 4698
1 3674
1 6792
1 176
1 12744
1 244
1 7053
1 13649
1 6971
1 1715
1 7771
1 617
1 11417
1 12753
1 8379
1 3919
1 2340
1 10082
1 15641
1 15741
1 8902
1 8758
1 1948
1 1246
1 12484
1 1430
1 9212
1 995
1 921
1 2682
1 9854
1 16174
1 13320
1 772
1 5784
1 9147
1 3982
1 1147
1 4451
1 7748
1 16977
1 4084
1 3916
1 4930
1 12607
1 6188
1 1039
1 5768
1 1759
1 12865
1 12651
1 9223
1 703
1 1061
1 5040
1 6812
1 11633
1 2681
1 2169
1 12274
1 15783
1 1113
1 15045
1 7196
1 11236
1 7278
1 7165
1 9203
1 11210
1 7049
1 2164
1 13965
1 561
1 8171
1 10740
1 128
1 16400
1 961
1 9400
1 5832
1 3370
1 2104
1 3043
1 6586
1 2923
1 16224
1 1722
1 8300
1 11899
1 15323
1 11669
1 13955
1 1538
1 9071
1 2796
1 11818
1 2695
1 4358
1 14190
1 4507
1 12632
1 3638
1 8364
1 1200
1 917
1 7845
1 1712
1 16064
1 12923
1 5793
1 8047
1 2982
1 5439
1 5533
1 5204
1 2832
1 12392
1 2657
1 1292
1 5038
1 2983
1 2083
1 1791
1 5662
1 4009
1 5034
1 15048
1 3721
1 7489
1 12073
1 14578
1 13088
1 13769
1 4479
1 3291
1 16721
1 2306
1 6803
1 4883
1 12099
1 8131
1 5235
1 5252
1 14583
1 9580
1 11236
1 6648
1 8193
1 13077
1 3535
1 6811
1 16754
1 3163
1 380
1 256
1 9598
1 6029
1 3923
1 1405
1 4398
1 15588
1 9010
1 11080
1 6359
1 12720
1 1203
1 1409
1 1196
1 14848
1 1873
1 15694
1 16456
1 1953
1 247
1 8249
1 226
1 3831
1 1123
1 11938
1 11643
1 2769
1 1160
1 12650
1 1345
1 9659
1 10065
1 12547
1 3686
1 13857
1 12378
1 6702
1 7054
1 1948
1 6668
1 13779
1 12265
1 1035
1 2686
1 4001
1 2617
1 12908
1 2240
1 16831
1 3699
1 7719
1 13659
1 16363
1 7749
1 3297
1 13332
1 12194
1 8567
1 13780
1 2350
1 251
1 7723
1 4068
1 15350
1 5988
1 13218
1 4638
1 954
1 10973
1 12541
1 4378
1 13481
1 2473
1 2115
1 9946
1 483
1 4908
1 8999
1 840
1 13695
1 12573
1 4459
1 302
1 830
1 8764
1 280
1 2242
1 15742
1 8158
1 15494
1 612
1 1937
1 3906
1 2066
1 946
1 311
1 4392
1 13914
1 13922
1 16666
1 2553
1 1027
1 5100
1 2791
1 4281
1 8893
1 335
1 11274
1 977
1 10440
1 13759
1 8800
1 2912
1 8237
1 1152
1 4954
1 2092
1 6573
1 14898
1 1085
1 13752
1 4547
1 11297
1 11812
1 13201
1 1152
1 8477
1 14885
1 15856
1 14607
1 483
1 567
1 15702
1 7147
1 9262
1 9192
1 11114
1 15600
1 4328
1 3322
1 1084
1 252
1 10678
1 10370
1 9508
1 3981
1 7561
1 5462
1 2679
1 14877
1 14005
1 641
1 12032
1 16636
1 15828
1 8418
1 3506
1 16002
1 1182
1 13710
1 845
1 7922
1 9955
1 4945
1 10671
1 2192
1 2079
1 5400
1 10846
1 1283
1 7025
1 8147
1 16807
1 8846
1 2120
1 9914
1 7827
1 8334
1 1282
1 1673
1 8911
1 14871
1 7857
1 7753
1 10251
1 13410
1 1033
1 1472
1 14719
1 820
1 10645
1 4325
1 1276
1 2164
1 14101
1 10693
1 8705
1 4367
1 1810
1 12099
1 15856
1 5992
1 6803
1 2235
1 12357
1 16045
1 10530
1 1115
1 3591
1 9534
1 9041
1 13778
1 9965
1 3216
1 15131
1 5298
1 1863
1 12539
1 11962
1 13983
1 1117
1 2008
1 9329
1 8350
1 1437
1 5975
1 3368
1 10539
1 15816
1 5337
1 4431
1 3207
1 10264
1 4838
1 4598
1 1007
1 11503
1 4626
1 15451
1 1125
1 7936
1 2549
1 670
1 2957
1 6572
1 1012
1 6127
1 2111
1 2540
1 15139
1 3146
1 14942
1 731
1 8799
1 8606
1 3782
1 5500
1 6585
1 11638
1 5029
1 9207
1 1891
1 5830
1 5274
1 8011
1 4680
1 515
1 6349
1 4547
1 6633
1 12278
1 11995
1 16960
1 1311
1 3487
1 9755
1 3656
1 1336
1 6581
1 4274
1 4689
1 11672
1 5544
1 13389
1 13760
1 2298
1 756
1 3803
1 16352
1 1555
1 2254
1 13781
1 1127
1 8598
1 807
1 265
1 7965
1 12432
1 5123
1 16547
1 3160
1 1700
1 8675
1 909
1 912
1 7192
1 9344
1 12549
1 8341
1 1009
1 10995
1 10443
1 8698
1 16250
1 8180
1 6899
1 5179
1 13355
1 823
1 9472
1 7354
1 11599
1 10648
1 3946
1 14067
1 453
1 8336
1 14565
1 5204
1 2434
1 5953
1 3623
1 14799
1 9597
1 7973
1 11594
1 12032
1 501
1 7940
1 2845
1 14607
1 3981
1 8729
1 1631
1 10342
1 10029
1 11341
1 7192
1 3472
1 3529
1 10645
1 14551
1 1730
1 7918
1 8185
1 7147
1 16885
1 15821
1 9292
1 2002
1 4453
1 5871
1 6312
1 490
1 15391
1 5046
1 14880
1 9690
1 335
1 13769
1 14221
1 14716
1 15237
1 131
1 5299
1 3091
1 1505
1 220
1 9392
1 16394
1 8529
1 9275
1 4113
1 5949
1 16391
1 7001
1 16228
1 5691
1 2303
1 9248
1 3636
1 4657
1 12446
1 3421
1 10781
1 15012
1 6274
1 2905
1 380
1 10316
1 9
1 1323
1 9509
1 13515
1 888
1 16884
1 16218
1 2843
1 1183
1 7786
1 1122
1 12136
1 1217
1 10430
1 4226
1 2954
1 395
1 6368
1 10348
1 4467
1 15702
1 3632
1 773
1 2115
1 2663
1 9809
1 1000
1 5243
1 7707
1 3427
1 13712
1 6022
1 5319
1 778
1 7945
1 12688
1 1353
1 3091
1 10441
1 9703
1 13847
1 2501
1 10257
1 11036
1 15625
1 9707
1 8119
1 1351
1 12824
1 881
1 10695
1 13498
1 11211
1 11806
1 10725
1 6508
1 8202
1 14745
1 10867
1 5560
1 430
1 8284
1 7452
1 5899
1 9443
1 13759
1 6858
1 1816
1 2956
1 13272
1 3095
1 448
1 1718
1 16166
1 477
1 9476
1 7763
1 9543
1 11162
1 11164
1 2691
1 4870
1 10711
1 683
1 10807
1 1934
1 8063
1 10756
1 14818
1 3854
1 3043
1 9783
1 15914
1 4498
1 13630
1 10000
1 15404
1 10975
1 12164
1 63
1 9443
1 6334
1 5529
1 6813
1 3241
1 15603
1 12975
1 15658
1 12204
1 10834
1 6985
1 113
1 14177
1 135
1 13316
1 1041
1 14
1 11396
1 9481
1 12377
1 14623
1 12837
1 11173
1 633
1 8426
1 5417
1 7376
1 1033
1 8583
1 6328
1 9512
1 5423
1 10061
1 5804
1 3732
1 9222
1 9597
1 1919
1 7921
1 11921
1 1596
1 247
1 1439
1 1396
1 12206
1 869
1 5938
1 2223
1 3739
1 11637
1 1559
1 4330
1 3692
1 12115
1 7809
1 4752
1 12811
1 8947
1 2428
1 5435
1 13576
1 10668
1 14268
1 4854
1 887
1 7541
1 1181
1 701
1 3548
1 8120
1 9510
1 6947
1 15531
1 12115
1 4072
1 3543
1 6068
1 12170
1 12197
1 11692
1 9555
1 5245
1 16871
1 1665
1 590
1 5206
1 1940
1 13663
1 7420
1 9597
1 11328
1 12380
1 7745
1 15565
1 1622
1 6332
1 5763
1 6371
1 1632
1 4817
1 1497
1 2007
1 105
1 16037
1 9660
1 12522
1 5407
1 12842
1 12784
1 311
1 13900
1 8511
1 558
1 11746
1 428
1 11731
1 921
1 1152
1 6629
1 16318
1 7892
1 13299
1 5966
1 1918
1 7094
1 11936
1 1755
1 10425
1 6970
1 11328
1 2693
1 1014
1 4120
1 2697
1 451
1 13866
1 7348
1 6763
1 4349
1 1182
1 3920
1 10474
1 8166
1 12948
1 10247
1 370
1 8363
1 15878
1 12571
1 948
1 8598
1 3944
1 5764
1 13936
1 11571
1 944
1 15337
1 7335
1 8929
1 4640
1 7351
1 4105
1 11629
1 8938
1 14326
1 844
1 13834
1 4695
1 9734
1 13561
1 8735
1 5095
1 12637
1 2171
1 9966
1 2689
1 3961
1 27
1 3476
1 7936
1 6799
1 16367
1 7623
1 7081
1 12411
1 2876
1 11762
1 5604
1 6950
1 8030
1 8215
1 12750
1 4752
1 3227
1 3070
1 12310
1 15327
1 14782
1 3726
1 3175
1 12059
1 3958
1 1586
1 1767
1 2923
1 2347
1 3537
1 5142
1 4169
1 7499
1 6959
1 7071
1 12188
1 2093
1 6839
1 13849
1 1785
1 11066
1 6991
1 14940
1 11115
1 1389
1 1197
1 13717
1 13329
1 16045
1 8621
1 4030
1 15352
1 7388
1 2776
1 14696
1 4179
1 6420
1 7758
1 16140
1 11997
1 909
1 7493
1 2637
1 1604
1 14288
1 595
1 2379
1 628
1 13565
1 1532
1 6268
1 16558
1 5748
1 8590
1 9018
1 14735
1 12726
1 2399
1 2866
1 5313
1 14502
1 9766
1 9990
1 772
1 8859
1 530
1 8307
1 7458
1 3492
1 16738
1 7942
1 12134
1 14482
1 9219
1 2971
1 4913
1 6218
1 8643
1 912
1 9525
1 14972
1 11056
1 8269
1 10938
1 3500
1 1903
1 8212
1 1233
1 5988
1 984
1 424
1 3603
1 3176
1 5955
1 12322
1 5922
1 12585
1 4366
1 9959
1 9937
1 10693
1 9737
1 11684
1 14998
1 963
1 6949
1 2224
1 14607
1 13800
1 3629
1 9132
1 11701
1 6742
1 8479
1 7401
1 16609
1 10718
1 6167
1 8417
1 15365
1 8514
1 4117
1 4892
1 3847
1 2995
1 13229
1 9948
1 2396
1 3000
1 14074
1 5323
1 3633
1 1903
1 16011
1 2596
1 1797
1 4261
1 6489
1 15983
1 5175
1 5112
1 7966
1 1944
1 7395
1 9448
1 3983
1 914
1 6555
1 12203
1 13249
1 3617
1 5122
1 2201
1 11868
1 5368
1 631
1 660
1 12438
1 550
1 11202
1 7030
1 5192
1 13152
1 483
1 1730
1 3684
1 14288
1 15395
1 13819
1 8712
1 12957
1 10430
1 8739
1 16666
1 843
1 11100
1 8972
1 4882
1 9953
1 679
1 10042
1 1425
1 2876
1 2389
1 814
1 1950
1 9085
1 303
1 13912
1 1564
1 6707
1 4318
1 4810
1 1137
1 2620
1 1983
1 3744
1 13417
1 1113
1 5741
1 1518
1 15163
1 2430
1 16445
1 5670
1 2080
1 3096
1 1700
1 12498
1 1122
1 1260
1 1910
1 7356
1 4585
1 12563
1 14627
1 6306
1 16882
1 2009
1 14722
1 47
1 14301
1 6495
1 3981
1 9483
1 1863
1 8936
1 13114
1 14753
1 8420
1 11578
1 11511
1 6314
1 1114
1 2338
1 2328
1 3757
1 4450
1 14035
1 7086
1 4224
1 1117
1 3016
1 6589
1 2358
1 12486
1 3533
1 2310
1 12916
1 8443
1 2173
1 16557
1 3589
1 12153
1 5460
1 4740
1 13862
1 43
1 5612
1 13814
1 841
1 14394
1 15271
1 3881
1 264
1 135
1 10403
1 12205
1 14043
1 1402
1 7124
1 16488
1 3616
1 4070
1 11975
1 13800
1 2660
1 11510
1 11517
1 4577
1 1187
1 477
1 11161
1 12296
1 11911
1 6685
1 1588
1 8705
1 7894
1 17
1 14650
1 13623
1 3302
1 6852
1 10972
1 888
1 2808
1 871
1 4781
1 10238
1 7202
1 4313
1 14623
1 9392
1 10495
1 4173
1 3291
1 5
1 4681
1 6306
1 9768
1 1419
1 9323
1 988
1 6075
1 2596
1 8381
1 15008
1 5541
1 11205
1 15700
1 16790
1 4050
