2 215 3513
1 551
2 2567 2752
0 
0 
1 5535
0 
0 
0 
1 4931
0 
0 
0 
0 
5 793 2068 2609 3527 5047
0 
0 
4 2194 3561 4326 5517
0 
0 
0 
0 
1 1425
1 163
0 
0 
1 4046
4 835 850 1056 5208
3 158 1958 2172
0 
1 251
1 3217
0 
2 1579 3468
0 
0 
1 2774
0 
0 
0 
0 
0 
3 1609 1927 2514
3 1909 2464 5485
0 
0 
0 
2 3518 5448
0 
0 
0 
0 
1 2492
0 
1 109
0 
0 
1 4316
0 
0 
0 
0 
3 570 2035 2307
1 5030
0 
0 
2 3036 3429
1 1164
2 2894 3506
1 1804
0 
0 
0 
0 
0 
0 
0 
0 
0 
0 
0 
0 
0 
0 
0 
0 
0 
0 
0 
0 
0 
0 
0 
0 
0 
0 
0 
0 
0 
0 
0 
1 543
1 959
0 
0 
1 5133
0 
2 556 3447
2 142 221
3 416 751 1470
0 
0 
0 
2 245 5042
0 
0 
0 
1 1427
1 2815
0 
2 2240 3869
1 717
0 
0 
0 
1 496
0 
0 
1 4452
0 
0 
1 4904
0 
0 
0 
3 2627 5044 5493
0 
0 
1 3948
2 719 3539
0 
0 
1 2327
0 
0 
0 
0 
0 
0 
0 
0 
0 
0 
0 
0 
1 3096
0 
0 
1 3142
0 
1 1563
2 1409 3781
0 
1 112
0 
1 2816
1 3205
0 
1 3944
1 541
0 
1 3941
1 1153
0 
0 
1 2339
1 4380
0 
1 443
0 
2 293 2322
0 
0 
0 
0 
0 
0 
0 
0 
1 1651
0 
0 
0 
0 
0 
0 
0 
0 
0 
0 
1 819
0 
0 
0 
0 
1 1519
0 
1 1242
0 
0 
0 
1 1990
0 
0 
0 
0 
0 
0 
0 
0 
2 264 4908
0 
0 
1 134
2 2754 3802
0 
3 410 3967 4552
0 
0 
0 
1 1303
0 
1 3042
0 
0 
0 
1 711
0 
0 
3 1363 2695 3439
3 906 1392 2334
0 
1 4210
2 1082 2337
1 4382
2 155 2991
0 
7 1408 2146 2530 3525 3748 4550 5072
0 
1 1949
1 3715
2 3785 4591
1 4672
0 
0 
0 
1 4531
0 
0 
0 
0 
0 
0 
0 
1 5492
2 95 4826
1 1175
2 3118 4066
0 
0 
1 3331
0 
0 
1 974
1 2195
0 
2 1024 3021
1 411
0 
0 
1 4616
2 2940 3367
0 
0 
0 
0 
3 22 476 4043
1 903
0 
0 
1 559
0 
0 
2 1026 1554
2 2119 4238
0 
0 
0 
0 
0 
1 1740
0 
1 4613
2 2117 5415
1 1109
0 
0 
1 2114
0 
0 
0 
2 4626 5140
0 
0 
0 
0 
1 269
0 
1 4293
0 
0 
0 
0 
0 
0 
0 
0 
0 
1 2766
0 
1 2950
0 
0 
1 2115
1 521
4 277 3208 4637 4899
0 
0 
0 
0 
0 
0 
0 
0 
0 
0 
0 
0 
1 3668
0 
0 
0 
1 3448
1 3202
0 
0 
0 
0 
0 
1 317
0 
0 
0 
0 
0 
0 
0 
2 1941 2966
0 
3 2660 2807 3563
2 3839 5176
1 1373
1 2236
0 
0 
0 
0 
1 3952
0 
1 587
3 2854 4530 4929
0 
0 
1 3014
0 
0 
0 
0 
0 
0 
0 
0 
0 
0 
0 
1 4947
0 
0 
0 
0 
3 1830 3166 4079
0 
0 
0 
0 
0 
1 2521
0 
0 
1 3127
0 
1 2129
0 
0 
0 
1 3084
0 
0 
3 319 1202 4032
0 
0 
1 638
0 
0 
1 5318
0 
0 
0 
1 5145
0 
3 767 1405 4991
0 
0 
0 
0 
0 
0 
0 
0 
0 
0 
1 2552
1 1986
0 
1 2421
0 
1 832
4 91 213 464 3082
3 2942 4276 5002
0 
2 291 4237
4 309 2002 4146 5165
0 
3 2158 3958 4856
0 
0 
0 
1 780
0 
0 
0 
1 3112
0 
1 554
0 
0 
0 
0 
0 
0 
1 3831
0 
0 
0 
0 
0 
0 
9 44 97 957 1577 1874 2859 3054 5005 5509
1 4186
0 
1 4099
2 226 1832
1 2873
4 4244 4606 4661 5391
1 1354
5 258 1083 1169 3402 4022
0 
0 
0 
0 
1 4894
0 
0 
0 
0 
0 
0 
0 
0 
0 
0 
1 4868
0 
0 
1 413
0 
0 
1 2806
0 
1 1420
0 
0 
0 
0 
0 
2 3791 4797
0 
0 
1 3106
1 1057
1 3332
1 1003
0 
0 
0 
1 3496
1 2846
0 
1 2080
0 
1 5293
0 
0 
0 
0 
0 
0 
0 
0 
0 
0 
0 
0 
0 
1 171
1 1764
0 
0 
1 3140
0 
1 5386
1 700
0 
0 
0 
0 
0 
0 
1 5143
0 
1 1140
2 2691 4449
0 
1 1702
0 
0 
0 
2 146 4662
2 3696 4241
1 3685
0 
1 1995
0 
0 
0 
0 
0 
0 
0 
0 
0 
0 
1 568
0 
1 105
0 
0 
1 3232
0 
0 
1 5115
0 
0 
0 
0 
1 5273
0 
0 
0 
0 
0 
0 
0 
0 
0 
0 
0 
0 
0 
0 
0 
0 
1 4621
0 
0 
1 4304
0 
2 3674 4388
1 3242
1 45
0 
0 
1 3229
0 
1 567
0 
0 
1 2465
3 1297 3544 5275
0 
0 
2 4170 5383
1 461
2 3509 5054
0 
0 
0 
0 
0 
1 781
0 
1 4682
1 3965
0 
1 1908
0 
0 
1 2860
2 304 2574
0 
0 
0 
0 
0 
0 
5 887 1545 2190 2579 2827
0 
0 
1 2798
1 3172
1 5384
0 
1 2861
0 
0 
0 
2 574 577
2 3210 3977
1 2918
0 
2 2931 4773
1 1682
0 
0 
0 
0 
0 
1 2910
2 703 1797
1 5407
0 
1 3884
0 
2 2277 5014
0 
1 467
1 3503
1 2238
0 
1 3553
0 
0 
0 
0 
0 
0 
0 
0 
0 
0 
0 
3 510 3302 5098
0 
1 4429
0 
1 3742
0 
0 
0 
2 655 3981
0 
0 
0 
0 
0 
2 1462 1785
1 902
0 
0 
0 
0 
0 
0 
1 1717
0 
0 
0 
0 
0 
0 
0 
1 4783
0 
0 
0 
0 
0 
0 
1 744
0 
4 1931 2024 3012 3558
0 
1 730
0 
0 
0 
3 72 2707 4195
0 
0 
0 
2 1600 3922
0 
0 
1 4313
0 
2 569 1122
1 4817
0 
0 
0 
3 1254 2758 3411
2 1417 3467
0 
0 
0 
1 3718
0 
4 486 2148 4047 4114
0 
0 
2 2446 4052
0 
3 530 4410 5291
2 3722 4953
0 
1 3529
3 612 2504 2546
0 
1 4964
0 
0 
1 1252
0 
0 
0 
0 
0 
0 
0 
0 
0 
1 3587
0 
1 1507
0 
0 
0 
0 
1 3730
0 
0 
0 
0 
0 
0 
0 
0 
2 2642 4825
1 1015
1 5
0 
0 
2 813 2870
1 1120
1 5412
0 
1 1650
1 3236
0 
0 
1 4720
0 
0 
1 4849
0 
0 
0 
0 
2 139 176
1 800
2 81 4614
0 
0 
0 
1 650
0 
0 
2 1752 2963
0 
0 
1 4609
1 5488
1 2726
2 3129 5402
1 5196
6 713 2174 2845 3341 4060 4691
1 3926
0 
0 
0 
0 
0 
0 
0 
0 
0 
0 
1 3314
0 
1 1723
0 
1 558
1 1924
0 
0 
0 
0 
0 
0 
2 785 5076
0 
1 5525
0 
0 
0 
1 2781
0 
0 
0 
0 
1 2988
1 4980
0 
0 
1 4161
1 16
0 
1 5095
4 1382 2892 4935 5523
0 
1 2216
0 
1 1800
1 86
0 
1 3
0 
0 
0 
0 
0 
0 
1 4337
0 
0 
0 
1 1498
0 
0 
2 4834 5268
0 
0 
2 4835 5306
0 
1 5374
0 
0 
6 665 693 1207 3178 4006 4481
1 3883
0 
1 1248
4 1016 2542 4405 5147
0 
0 
0 
0 
2 553 3546
0 
0 
1 85
0 
0 
0 
0 
0 
1 75
0 
0 
0 
1 35
0 
1 1582
0 
0 
2 1864 5186
0 
2 1312 4625
0 
2 882 5180
0 
0 
0 
0 
1 457
1 4598
1 369
0 
0 
0 
1 4349
0 
3 3610 4371 4454
0 
1 5332
0 
0 
0 
0 
0 
2 1721 2712
0 
2 2999 3064
5 2666 2790 3247 3469 3554
0 
0 
0 
0 
4 1047 3826 3959 4639
0 
1 2362
0 
0 
1 1500
0 
2 3456 5317
0 
0 
0 
2 3579 5541
2 3353 3408
1 3804
0 
0 
0 
0 
1 4404
1 1295
0 
0 
0 
2 1028 4957
0 
0 
0 
0 
2 212 3184
0 
1 4766
0 
3 217 4087 4840
0 
0 
1 4776
1 573
1 5162
1 1730
0 
0 
1 2220
0 
2 960 2466
1 2154
0 
0 
1 855
0 
1 826
1 4632
0 
0 
1 2663
0 
0 
2 4717 5058
0 
2 1959 4573
0 
0 
2 191 3424
1 4423
1 2811
1 5046
0 
0 
0 
0 
0 
1 758
0 
1 923
2 1404 2647
0 
0 
1 180
0 
0 
0 
0 
0 
0 
0 
1 4430
2 2253 2586
0 
0 
0 
0 
0 
0 
1 3854
1 622
0 
0 
1 3986
0 
0 
0 
0 
0 
0 
0 
0 
1 3318
0 
1 4671
2 2885 4650
0 
0 
0 
0 
3 575 760 1879
1 2260
1 2915
0 
0 
1 1829
0 
0 
1 2929
0 
0 
0 
0 
0 
2 2141 4323
0 
0 
1 1793
0 
1 2279
0 
1 3485
0 
4 1950 3939 4438 5426
1 5461
1 4738
0 
3 1131 4751 5469
0 
1 126
0 
0 
2 4941 5437
1 4554
0 
2 3009 4770
0 
1 4823
0 
1 3432
0 
0 
0 
0 
2 718 4123
0 
0 
2 3689 5421
0 
1 4136
0 
1 1748
1 3494
0 
0 
0 
0 
2 1572 4414
0 
0 
0 
0 
5 544 4217 4645 4656 5148
0 
0 
0 
0 
0 
0 
1 116
1 4558
2 2655 3567
0 
0 
1 151
0 
0 
0 
0 
0 
0 
1 2825
0 
1 267
1 3942
1 3735
0 
0 
2 1055 2160
0 
3 788 1688 3701
2 3823 5097
2 4689 5170
1 4939
0 
1 1143
2 1664 3254
2 2615 5508
0 
0 
1 3441
3 1007 2871 3132
4 60 2008 3430 4271
1 2678
0 
3 189 1639 3639
2 2408 4544
1 5253
0 
2 315 1183
3 388 867 4480
0 
1 1837
4 1714 2427 2610 4542
2 423 2887
0 
0 
1 1388
0 
0 
2 873 3808
0 
0 
3 1324 2480 2573
0 
1 3846
0 
1 4943
0 
2 1023 1479
0 
0 
0 
0 
0 
0 
0 
1 564
0 
0 
1 3709
0 
0 
1 5315
1 2135
0 
0 
0 
0 
1 3596
2 183 4310
0 
2 2381 3778
0 
0 
0 
1 4400
0 
1 3239
1 2937
0 
0 
0 
1 585
0 
0 
0 
0 
0 
1 3116
1 5438
0 
0 
0 
2 3405 4158
0 
1 2976
0 
0 
0 
0 
0 
1 1690
0 
0 
1 2038
1 4723
4 2689 3048 3090 3125
1 3306
0 
1 2184
0 
1 4709
1 4700
0 
0 
0 
0 
0 
0 
0 
0 
1 4495
0 
0 
0 
0 
0 
1 814
0 
1 1073
0 
0 
0 
1 1336
0 
0 
0 
0 
0 
1 2369
1 4804
1 1281
2 474 1605
0 
0 
1 1265
0 
1 333
0 
0 
0 
0 
2 3263 4932
0 
0 
0 
0 
0 
0 
0 
0 
0 
1 1802
0 
1 2884
1 4808
0 
0 
0 
0 
0 
0 
0 
0 
2 1889 4560
0 
0 
1 1019
1 3390
2 1163 2897
1 4978
0 
2 1049 4967
0 
0 
0 
1 3321
1 2883
0 
0 
0 
1 3865
0 
0 
4 1812 2263 3841 4126
0 
0 
0 
0 
0 
0 
0 
0 
0 
2 1149 2252
1 1544
0 
0 
1 1475
0 
0 
0 
1 2059
0 
1 3814
0 
0 
0 
1 5252
1 1968
0 
0 
0 
0 
4 1074 1087 2538 3706
1 5074
0 
0 
0 
1 2833
2 942 1372
2 1127 5497
2 339 1472
0 
1 4535
0 
0 
2 3473 3812
1 4543
0 
1 4330
0 
0 
0 
0 
1 2193
0 
0 
1 5539
0 
0 
0 
0 
0 
1 5409
0 
0 
3 190 1960 2805
0 
1 4402
0 
0 
0 
0 
0 
0 
2 1947 4755
0 
1 5073
1 798
1 3192
0 
0 
2 2684 2851
0 
0 
1 1045
0 
0 
0 
1 2046
0 
0 
0 
2 250 692
1 4026
0 
0 
0 
0 
0 
0 
0 
0 
0 
1 985
0 
0 
1 1077
0 
1 3062
1 4718
0 
0 
1 846
0 
1 1483
0 
0 
0 
0 
1 616
1 3949
2 1857 3658
0 
1 1880
0 
0 
0 
0 
1 469
0 
0 
0 
1 2898
0 
1 5131
1 2255
1 1465
0 
0 
0 
1 4350
0 
1 4907
0 
0 
0 
1 1527
0 
0 
0 
0 
0 
0 
0 
0 
1 5428
0 
0 
0 
0 
0 
2 901 1732
0 
0 
0 
0 
0 
0 
0 
1 5277
0 
0 
0 
0 
0 
4 2677 3019 4129 4469
0 
0 
0 
1 228
0 
0 
0 
0 
0 
1 1745
0 
1 30
0 
0 
0 
0 
2 759 4820
1 2229
0 
0 
1 5081
0 
0 
2 1724 2919
0 
1 5417
1 1473
0 
0 
0 
1 425
0 
0 
0 
0 
0 
0 
1 1988
0 
0 
0 
0 
0 
1 2370
0 
1 1510
2 2163 2595
1 5233
0 
2 328 5514
0 
1 1962
0 
0 
0 
0 
0 
1 5071
0 
1 3110
0 
1 2411
0 
1 3039
0 
2 4010 5271
0 
1 3266
0 
0 
0 
0 
1 536
0 
0 
0 
0 
1 1052
0 
0 
0 
0 
1 1647
1 5125
0 
0 
0 
1 2737
0 
0 
0 
0 
1 4874
1 5129
0 
2 3135 4227
0 
0 
1 288
0 
0 
0 
0 
0 
0 
0 
0 
0 
0 
0 
0 
1 4187
0 
0 
1 3775
0 
0 
0 
0 
0 
1 2996
0 
1 1707
0 
0 
1 1910
4 1873 2165 2633 5114
0 
0 
1 2925
2 326 3855
2 993 1489
0 
0 
3 2218 2813 4710
0 
0 
1 2051
0 
0 
0 
0 
0 
0 
0 
0 
0 
1 2026
0 
0 
0 
0 
0 
0 
0 
0 
0 
0 
0 
0 
0 
4 2534 4335 4832 5435
0 
0 
0 
1 1188
0 
2 2477 3060
1 1253
0 
0 
0 
0 
3 1104 2078 4483
0 
2 444 2607
1 4386
0 
1 337
2 3342 5003
0 
1 25
0 
2 2018 4463
0 
0 
0 
0 
0 
1 4220
0 
2 4883 5392
0 
0 
1 3360
1 3916
0 
0 
0 
0 
1 845
0 
0 
0 
1 659
0 
1 2073
0 
2 1302 2955
0 
0 
0 
1 3071
0 
0 
2 3783 4174
2 2713 5157
1 1773
0 
0 
2 3905 4425
0 
1 3611
0 
1 3768
1 2272
0 
0 
2 2847 5234
0 
0 
1 3078
0 
0 
0 
2 2626 3978
1 943
1 624
0 
0 
1 699
0 
0 
0 
0 
1 1284
1 5247
0 
0 
1 1653
0 
1 138
1 4499
0 
1 801
2 2061 2916
1 2837
1 3403
1 5363
0 
0 
0 
0 
0 
1 1843
0 
0 
1 11
0 
0 
1 1020
1 4729
1 1665
0 
0 
1 1744
0 
2 965 4998
0 
0 
0 
0 
0 
0 
0 
0 
0 
1 2618
0 
0 
0 
0 
0 
1 3011
0 
0 
0 
0 
0 
0 
2 27 3619
0 
0 
0 
0 
0 
0 
0 
0 
0 
0 
0 
0 
1 4355
1 1818
0 
0 
0 
0 
0 
1 4209
0 
0 
1 1747
3 1316 4747 5453
0 
1 1936
0 
0 
1 2640
0 
0 
0 
0 
1 4546
0 
0 
1 3882
0 
0 
0 
0 
1 2987
1 1266
1 1550
0 
0 
0 
0 
0 
1 4192
1 617
1 4792
0 
0 
0 
0 
0 
0 
0 
0 
1 2750
1 3956
0 
5 3351 3843 3875 5313 5360
1 2517
0 
0 
0 
0 
0 
3 63 1568 5439
0 
1 4230
0 
0 
0 
0 
1 2701
1 5154
1 5068
1 1416
0 
2 2519 2917
0 
0 
0 
0 
0 
1 3319
0 
3 697 2033 3508
2 1725 2425
1 2366
0 
1 5016
0 
0 
6 247 404 1064 1805 3900 4622
0 
0 
3 1878 4282 5117
1 3536
0 
0 
5 597 3725 3732 4110 5370
0 
1 674
0 
4 42 868 4399 4569
0 
1 5413
1 3455
0 
2 2221 4549
0 
0 
1 1325
2 1396 1755
1 548
0 
1 193
0 
0 
0 
0 
0 
0 
0 
1 2603
0 
1 87
0 
0 
0 
0 
0 
0 
1 2560
0 
0 
0 
0 
0 
2 501 5423
0 
0 
1 2278
1 1897
0 
1 844
0 
0 
1 1557
0 
1 383
0 
0 
0 
1 3607
0 
0 
1 2422
2 3736 4890
0 
0 
0 
1 1816
3 3512 3663 5132
4 870 1249 4151 4752
1 5446
0 
0 
0 
0 
0 
0 
0 
0 
1 3743
0 
0 
0 
0 
0 
1 3421
0 
0 
0 
0 
2 2197 4173
2 3935 4201
0 
1 2601
0 
0 
0 
0 
0 
2 1884 4128
0 
0 
3 1095 1769 2744
1 2800
0 
1 1384
0 
0 
0 
0 
0 
0 
0 
0 
2 2363 2507
0 
0 
1 210
1 2606
0 
2 520 3795
0 
0 
0 
0 
0 
0 
1 4624
0 
0 
0 
0 
0 
0 
0 
0 
0 
0 
1 1457
2 135 3792
1 4697
1 5433
0 
0 
1 4498
0 
0 
1 3853
0 
0 
0 
0 
1 1123
1 4647
1 5244
2 2978 3788
1 1374
1 591
0 
0 
0 
0 
0 
0 
0 
1 4458
0 
0 
1 2777
0 
0 
0 
1 4778
0 
0 
1 1170
2 4604 4954
0 
0 
0 
0 
1 4705
0 
2 3453 3913
1 378
0 
0 
0 
1 2571
0 
0 
0 
0 
0 
0 
0 
0 
0 
1 2234
2 1903 2939
0 
1 4076
0 
0 
1 3130
0 
0 
0 
2 1021 1446
1 3749
1 763
0 
0 
0 
1 3418
1 2027
0 
1 3382
0 
1 3298
1 4094
0 
0 
2 1882 2822
2 2619 4305
3 3059 4447 4724
0 
2 1189 2912
1 2333
0 
2 2855 4435
0 
1 5204
0 
1 5478
0 
2 803 2249
0 
1 3670
1 3974
0 
0 
0 
0 
0 
0 
0 
2 526 4117
0 
0 
0 
0 
1 1182
1 4696
0 
1 3053
0 
0 
0 
0 
1 2054
1 2415
1 5380
1 4154
0 
0 
0 
0 
0 
0 
0 
0 
2 1948 3352
0 
0 
1 644
1 2596
3 630 2717 3056
0 
0 
1 2702
1 1450
2 3356 3451
0 
1 5078
1 5334
0 
1 794
1 1155
2 485 1570
1 3915
0 
0 
1 516
2 2099 3975
0 
3 1848 2373 4734
0 
1 3223
0 
0 
3 1759 4179 4578
0 
1 4617
1 3415
0 
0 
1 420
0 
0 
0 
0 
0 
1 1729
0 
1 4821
0 
0 
1 3771
0 
0 
0 
1 3264
1 1460
0 
0 
0 
0 
1 2088
2 666 2246
1 3824
0 
0 
0 
0 
0 
0 
0 
0 
0 
0 
0 
1 1979
0 
0 
0 
0 
0 
0 
0 
0 
2 2401 2412
1 1881
0 
1 3221
0 
0 
1 1679
2 88 2516
3 1032 1414 4816
0 
1 4228
0 
1 4165
3 725 3381 4919
1 3294
1 115
1 4513
0 
0 
0 
1 5475
0 
0 
0 
1 1809
1 2949
0 
0 
0 
0 
0 
0 
0 
0 
1 3470
2 249 739
0 
1 3767
1 5463
0 
0 
1 222
0 
0 
0 
1 1573
0 
0 
1 5462
1 216
1 4393
1 2461
0 
0 
0 
2 917 2056
0 
1 5236
0 
0 
1 4590
0 
1 1130
0 
1 2199
0 
0 
0 
4 67 733 1091 5472
0 
0 
0 
0 
0 
1 1992
1 735
0 
1 4031
2 729 3335
0 
0 
1 854
0 
0 
0 
1 2864
1 1328
0 
2 1753 3552
1 5274
0 
0 
1 863
0 
0 
0 
0 
0 
1 3980
2 2852 5411
0 
0 
1 4039
2 262 3574
0 
0 
1 5355
0 
0 
2 3076 5285
0 
0 
0 
1 1681
1 2628
1 4133
0 
0 
0 
1 2523
0 
2 908 2332
0 
0 
0 
0 
1 1963
1 961
1 2082
1 40
0 
0 
0 
0 
0 
0 
0 
0 
1 5089
1 958
1 5430
0 
0 
0 
1 4860
0 
0 
1 3729
0 
0 
0 
1 396
1 3643
0 
0 
2 360 565
0 
1 4312
4 231 1102 2616 4030
0 
0 
0 
0 
0 
1 2515
0 
0 
0 
0 
0 
0 
0 
2 511 3838
0 
0 
1 1767
0 
0 
0 
0 
0 
0 
4 1626 3454 3940 4029
2 4269 4603
0 
0 
0 
2 1819 4034
0 
0 
2 2349 2747
0 
0 
0 
0 
1 4036
0 
0 
0 
6 153 557 995 1214 3094 4149
0 
0 
0 
0 
2 34 1532
0 
0 
1 2420
0 
0 
1 726
1 4972
0 
0 
1 2878
0 
0 
0 
0 
0 
0 
0 
0 
0 
1 4301
1 2042
1 147
0 
0 
0 
0 
2 1228 4103
1 3297
0 
0 
0 
0 
0 
0 
1 2347
0 
0 
0 
1 2355
0 
0 
2 904 4067
0 
0 
0 
2 2222 4779
1 1081
0 
0 
0 
1 99
0 
0 
0 
2 2587 4772
0 
0 
2 782 3849
1 4631
0 
0 
0 
0 
0 
1 2779
0 
0 
0 
0 
1 4311
0 
0 
1 1224
0 
0 
1 3642
0 
0 
0 
0 
0 
0 
1 837
1 1156
0 
1 3168
0 
0 
1 859
3 1742 1852 2502
0 
0 
0 
1 3713
1 2032
0 
0 
2 133 1567
1 1245
0 
0 
2 5362 5543
0 
0 
0 
0 
0 
0 
0 
0 
0 
0 
1 2529
0 
1 2323
0 
0 
0 
0 
0 
0 
0 
2 3154 4576
0 
0 
1 5422
2 1264 1887
2 2803 4359
0 
1 2157
0 
1 4004
0 
0 
0 
1 962
0 
0 
0 
0 
0 
0 
2 3631 5270
0 
0 
0 
0 
1 234
0 
0 
0 
0 
0 
0 
1 3027
1 4357
0 
0 
1 1314
0 
0 
0 
1 4494
0 
0 
1 5504
0 
0 
2 776 4955
0 
0 
0 
0 
0 
0 
0 
1 3214
0 
0 
0 
0 
0 
1 4014
1 4098
1 4679
0 
2 3270 4434
1 4406
1 1283
0 
0 
1 4574
0 
1 1871
2 170 5206
0 
1 5011
0 
1 5161
0 
1 4473
0 
1 5164
0 
0 
0 
0 
1 3517
0 
0 
0 
0 
1 3667
1 4224
1 3355
0 
1 3675
1 3697
1 1423
0 
1 2348
0 
1 332
1 3835
1 17
1 4185
0 
0 
0 
0 
0 
0 
0 
0 
1 1842
0 
0 
1 2875
0 
0 
1 2423
0 
1 1146
0 
0 
0 
0 
1 4366
1 3705
1 1890
0 
0 
0 
0 
0 
1 3653
0 
0 
0 
0 
1 2765
0 
0 
0 
2 3465 4272
0 
1 3443
0 
0 
0 
0 
0 
0 
4 331 433 2494 3276
1 4557
0 
0 
1 1429
0 
0 
0 
2 1331 5261
0 
0 
0 
0 
1 1900
0 
0 
0 
0 
0 
1 448
1 4232
0 
2 4033 4092
2 1443 4634
0 
0 
2 143 391
0 
1 4471
1 2445
3 2748 3500 3609
0 
1 1964
0 
0 
2 119 3141
0 
0 
0 
0 
2 2150 5524
0 
0 
1 4221
1 154
0 
0 
0 
1 2005
0 
0 
0 
0 
0 
1 518
0 
0 
0 
0 
0 
0 
0 
0 
0 
1 4492
0 
0 
0 
0 
0 
0 
0 
0 
1 283
1 2643
2 756 4938
0 
2 1101 4870
0 
0 
1 895
0 
0 
0 
0 
2 325 2329
0 
0 
0 
0 
0 
0 
1 809
0 
0 
0 
0 
0 
1 5286
1 2081
0 
0 
0 
0 
1 2830
0 
1 274
0 
3 743 5216 5410
1 4021
0 
0 
1 2886
0 
0 
0 
0 
2 308 451
1 1720
0 
0 
0 
0 
0 
0 
1 2844
0 
1 1093
0 
0 
1 524
0 
1 2664
0 
1 164
2 1660 4348
0 
1 4928
1 1765
0 
0 
0 
0 
0 
1 4643
0 
2 73 2675
0 
0 
0 
0 
0 
1 1888
1 3987
0 
4 167 2127 4461 5235
0 
0 
0 
0 
1 1482
0 
0 
0 
0 
0 
0 
1 1938
0 
0 
0 
0 
0 
0 
0 
1 4009
1 1235
1 3769
0 
0 
0 
0 
0 
0 
0 
1 1395
1 4946
0 
1 4999
1 4774
0 
0 
0 
0 
0 
0 
0 
0 
0 
2 390 3507
0 
0 
0 
1 5302
0 
0 
0 
0 
0 
1 2354
0 
0 
1 246
0 
1 4488
1 4497
0 
0 
0 
1 2764
0 
1 1839
0 
0 
0 
0 
0 
1 5352
0 
0 
0 
0 
1 5356
0 
0 
0 
1 2091
0 
1 1540
1 732
0 
0 
1 1713
0 
0 
0 
0 
0 
3 2318 2799 5470
0 
0 
0 
0 
0 
0 
1 774
0 
0 
1 594
0 
0 
0 
0 
0 
3 643 1616 3534
0 
1 1766
0 
0 
0 
0 
0 
0 
0 
0 
2 4459 5021
0 
0 
0 
0 
0 
1 3345
1 768
1 2785
0 
1 179
0 
1 4069
1 1244
1 2438
0 
0 
0 
1 3376
2 382 2107
0 
0 
1 972
0 
0 
0 
0 
1 5225
2 982 2145
0 
2 964 2089
1 1231
1 4303
0 
0 
0 
2 108 2262
0 
0 
0 
1 1862
0 
0 
0 
1 2635
0 
2 177 1142
0 
2 4906 4968
0 
0 
0 
1 5001
2 2853 5434
0 
0 
0 
0 
0 
0 
1 886
0 
0 
1 3277
1 1110
0 
1 1005
0 
0 
0 
1 856
0 
0 
0 
1 1886
0 
1 1905
2 979 3521
0 
0 
0 
0 
0 
0 
0 
0 
1 1513
0 
0 
0 
0 
0 
0 
0 
0 
0 
0 
0 
0 
0 
0 
1 1815
0 
1 4781
0 
1 1177
2 483 3664
1 2463
0 
0 
0 
0 
0 
0 
1 4362
0 
1 940
2 2506 4831
0 
0 
1 4529
0 
0 
1 3268
2 2001 2310
0 
0 
0 
0 
0 
1 1534
0 
5 876 1892 3246 3776 5230
1 5320
0 
0 
0 
0 
0 
0 
1 384
0 
3 3030 3091 3887
0 
1 261
0 
0 
0 
1 2110
0 
0 
0 
0 
0 
0 
0 
0 
0 
0 
0 
0 
1 1646
0 
0 
1 4762
0 
0 
1 3557
0 
1 2801
1 2374
1 3821
0 
1 4744
0 
1 1722
0 
0 
0 
0 
2 2043 2644
0 
1 2036
0 
2 741 5224
0 
0 
0 
0 
0 
1 3371
0 
1 1604
1 1356
0 
0 
2 749 1727
0 
1 5035
0 
0 
1 2576
1 203
0 
1 2708
0 
0 
0 
0 
0 
1 1223
0 
0 
0 
0 
0 
0 
0 
0 
0 
0 
1 836
0 
0 
0 
1 1471
1 3540
0 
0 
1 1148
0 
0 
1 684
0 
0 
0 
1 1353
0 
0 
0 
0 
1 515
0 
0 
0 
0 
0 
0 
2 4511 5534
0 
0 
1 3522
0 
0 
1 4585
1 1774
0 
0 
1 1463
1 5520
0 
0 
0 
1 3308
0 
0 
0 
0 
1 3772
0 
2 838 2328
0 
0 
0 
0 
1 2705
0 
0 
0 
1 4670
0 
1 1622
0 
0 
0 
0 
0 
0 
0 
0 
0 
0 
1 3597
0 
0 
0 
0 
0 
1 3198
0 
0 
0 
1 355
0 
0 
0 
0 
0 
0 
0 
1 1455
1 2545
0 
0 
0 
1 1232
0 
0 
0 
0 
0 
0 
2 21 2697
1 419
0 
1 4757
1 3044
1 4457
0 
0 
0 
0 
0 
0 
0 
1 1461
0 
0 
0 
0 
0 
0 
0 
0 
0 
0 
0 
0 
1 104
0 
0 
0 
0 
0 
0 
0 
0 
0 
0 
0 
1 4264
0 
0 
0 
2 3104 4302
0 
0 
0 
0 
0 
0 
1 197
0 
0 
0 
1 736
0 
0 
1 4924
0 
0 
0 
1 4145
0 
1 4960
0 
0 
2 507 1597
0 
0 
0 
0 
0 
0 
0 
0 
0 
0 
0 
0 
0 
0 
1 2757
1 3133
1 1166
0 
0 
0 
0 
0 
0 
0 
1 1678
1 50
0 
0 
1 963
0 
0 
0 
0 
0 
0 
0 
0 
1 582
1 997
0 
0 
2 2583 4879
0 
1 2624
0 
2 2066 5209
1 3111
2 494 2495
0 
0 
0 
1 3397
0 
0 
0 
0 
1 4805
0 
1 2804
1 1315
1 1467
1 5296
0 
0 
1 3820
1 899
0 
1 4027
0 
1 5312
0 
0 
0 
1 4020
0 
2 3943 4687
0 
0 
0 
0 
0 
0 
0 
0 
0 
0 
1 2010
0 
1 1366
0 
0 
0 
2 3045 3770
0 
0 
0 
0 
0 
1 4880
0 
1 4056
0 
1 5474
0 
2 549 4526
0 
1 5237
1 431
0 
0 
0 
0 
1 5106
0 
1 2869
0 
0 
2 4218 5099
0 
0 
0 
0 
0 
0 
0 
0 
0 
0 
1 4118
0 
1 3079
1 370
0 
0 
1 3472
0 
1 3114
0 
1 499
0 
0 
1 2183
0 
0 
0 
0 
0 
1 4120
0 
0 
0 
0 
0 
1 4214
0 
0 
0 
0 
3 885 2524 5480
0 
5 198 407 3322 3333 4739
1 1709
0 
0 
0 
0 
0 
0 
0 
0 
2 1521 1788
1 2471
2 3856 5319
1 3244
0 
0 
0 
0 
0 
0 
0 
1 1571
0 
0 
0 
2 1913 5500
1 5378
0 
0 
0 
0 
0 
1 4862
0 
1 330
0 
1 3645
0 
1 5337
0 
1 3829
2 2226 4952
1 5359
0 
0 
1 4921
1 550
2 346 4478
0 
0 
0 
2 723 2303
0 
0 
0 
1 2497
0 
0 
2 1411 2549
0 
0 
0 
0 
0 
1 1578
1 4807
0 
0 
0 
1 1486
0 
1 1634
0 
0 
1 3479
0 
0 
0 
0 
0 
0 
0 
1 175
1 4378
0 
1 2356
1 3478
2 1698 3686
1 1184
1 3700
0 
0 
1 2657
1 5393
1 3925
2 615 4564
1 1515
1 3934
0 
1 55
0 
1 5083
0 
1 3436
0 
0 
0 
1 1630
1 4580
0 
0 
0 
0 
1 2561
1 2629
0 
1 1034
2 2284 3066
1 534
0 
0 
0 
0 
2 948 1718
0 
0 
0 
0 
0 
0 
2 560 4504
0 
0 
2 385 3379
0 
4 2829 3305 3688 5229
0 
0 
0 
0 
0 
1 5065
0 
0 
1 2247
0 
2 3704 4373
0 
2 3334 5079
1 2248
0 
0 
0 
2 3678 5424
0 
0 
0 
0 
0 
2 211 924
1 2459
2 2547 3779
0 
0 
0 
0 
1 5464
0 
1 4071
2 1775 4139
0 
1 2389
0 
0 
0 
0 
0 
1 1398
1 2372
0 
0 
1 3933
0 
0 
1 2763
1 296
0 
0 
1 2755
1 2063
0 
1 4786
1 1370
0 
0 
1 446
0 
0 
1 3910
0 
0 
0 
0 
0 
0 
1 721
0 
0 
0 
1 294
0 
2 1306 3504
1 4818
0 
0 
2 2582 2585
0 
4 43 2553 2604 3050
0 
0 
0 
3 2572 2967 3291
0 
0 
0 
0 
0 
0 
0 
0 
0 
0 
1 704
0 
0 
0 
0 
0 
0 
2 100 866
1 4553
0 
0 
0 
0 
0 
0 
0 
1 1952
0 
1 1553
0 
0 
1 4211
0 
0 
1 5351
0 
0 
0 
0 
0 
0 
2 4017 5020
0 
0 
1 2703
0 
0 
0 
0 
0 
1 4132
0 
0 
0 
0 
1 4119
0 
0 
0 
0 
0 
1 2239
1 2905
0 
1 1226
1 2865
0 
0 
1 5491
0 
0 
0 
0 
2 2908 4107
1 2975
0 
0 
0 
0 
0 
0 
0 
0 
2 1652 2926
0 
0 
0 
0 
0 
0 
0 
0 
1 3309
2 3234 4623
1 1065
1 3199
0 
0 
0 
0 
0 
2 519 4242
0 
1 4419
0 
0 
2 3970 4392
2 3255 5171
0 
0 
1 4534
0 
0 
1 220
0 
0 
0 
0 
0 
0 
0 
0 
0 
0 
0 
0 
0 
0 
1 111
0 
1 1711
2 2178 5182
0 
1 4854
0 
1 3801
0 
0 
0 
0 
0 
0 
0 
0 
0 
2 3043 5232
0 
0 
2 1599 5207
1 3822
0 
0 
0 
0 
0 
0 
1 3640
2 2612 3757
0 
0 
0 
1 2096
1 1594
0 
0 
1 2177
0 
0 
8 214 2469 2964 3669 3924 4676 4872 5451
1 4413
1 5373
0 
0 
1 2137
0 
1 1750
0 
1 194
0 
0 
0 
0 
0 
0 
0 
0 
0 
0 
1 4575
0 
0 
0 
0 
0 
1 3920
1 1125
2 285 4501
0 
0 
0 
0 
0 
0 
1 1854
0 
0 
1 1827
0 
0 
0 
0 
0 
0 
1 3877
0 
0 
0 
2 3134 5258
0 
1 2210
0 
0 
0 
1 1738
0 
0 
1 2161
4 825 2211 2449 4375
0 
0 
0 
0 
0 
0 
0 
0 
0 
2 2458 5550
0 
0 
0 
0 
0 
0 
0 
0 
0 
0 
0 
1 1973
1 1193
0 
1 414
0 
0 
3 1448 1666 4593
1 3859
2 2330 5501
0 
1 5105
0 
0 
0 
0 
0 
0 
0 
1 1896
1 3811
0 
1 563
1 4418
0 
0 
2 3097 3240
1 4324
0 
0 
1 1826
0 
0 
0 
1 2072
0 
1 1645
0 
1 539
0 
0 
0 
0 
1 3600
1 5192
0 
0 
0 
0 
0 
0 
0 
1 4913
0 
0 
0 
1 5349
0 
2 284 3033
2 1261 5163
1 571
1 3327
2 2169 2358
0 
0 
0 
0 
0 
0 
0 
0 
0 
1 2130
0 
0 
1 3419
1 3957
0 
0 
0 
0 
0 
0 
0 
0 
0 
1 566
1 3979
0 
0 
1 2665
0 
0 
0 
0 
0 
0 
0 
0 
0 
0 
0 
0 
0 
0 
0 
0 
0 
1 5239
0 
2 3105 3790
1 2810
1 5533
1 110
0 
0 
0 
0 
7 128 877 1305 1522 3018 3391 5263
0 
1 1712
0 
0 
1 762
0 
0 
0 
0 
0 
1 4011
0 
1 1997
0 
0 
0 
0 
0 
0 
0 
0 
0 
1 3101
0 
0 
1 625
0 
0 
0 
1 691
0 
1 2475
0 
0 
1 3159
0 
0 
0 
0 
0 
0 
1 1497
0 
0 
1 5468
0 
1 4945
0 
0 
0 
0 
0 
0 
0 
0 
0 
0 
2 857 3052
0 
0 
2 2857 2961
0 
0 
0 
0 
0 
1 137
0 
0 
1 4193
0 
0 
1 1271
1 207
0 
0 
0 
0 
0 
0 
0 
2 4058 5364
0 
1 504
0 
0 
0 
0 
1 3660
0 
1 3499
0 
0 
0 
1 4810
0 
0 
0 
0 
0 
0 
2 1241 4635
1 3311
0 
0 
0 
1 94
0 
0 
1 2513
0 
2 127 892
0 
0 
0 
2 1162 3325
0 
0 
0 
0 
0 
0 
0 
1 2986
0 
0 
1 2557
0 
0 
0 
0 
2 852 2426
0 
1 5529
0 
0 
0 
0 
1 5419
0 
0 
1 2749
0 
0 
1 3547
1 4722
1 3848
0 
2 1076 4669
0 
2 641 5082
1 4319
0 
0 
0 
0 
0 
1 661
0 
0 
1 737
0 
1 647
1 1845
0 
1 70
1 2404
0 
1 4205
2 2968 5169
0 
0 
0 
0 
1 1258
0 
1 157
0 
2 1185 4474
0 
0 
0 
0 
0 
2 2951 3216
0 
1 5325
1 4728
0 
0 
0 
0 
0 
0 
0 
0 
0 
0 
1 4601
0 
0 
0 
0 
0 
0 
0 
0 
0 
0 
0 
0 
0 
1 4627
0 
2 1449 2879
0 
0 
0 
1 4536
0 
0 
0 
0 
0 
0 
0 
1 3892
0 
1 3586
1 3256
0 
0 
0 
0 
1 4370
0 
0 
0 
0 
0 
1 3224
1 103
0 
0 
0 
0 
1 276
0 
0 
0 
1 2731
2 3497 4761
0 
0 
0 
2 1971 3435
2 1937 4320
1 4135
0 
0 
0 
1 4054
0 
0 
1 4172
1 2241
0 
0 
2 363 4250
1 3551
2 1282 5465
1 4415
0 
1 4891
0 
0 
0 
0 
0 
2 310 4612
0 
1 430
0 
0 
0 
0 
0 
1 4950
0 
0 
0 
0 
0 
0 
0 
0 
0 
0 
1 1648
1 4510
0 
0 
0 
0 
0 
0 
0 
0 
0 
0 
0 
0 
2 537 1116
1 4299
0 
0 
0 
0 
1 5024
0 
0 
0 
0 
0 
0 
0 
0 
1 4476
0 
1 742
0 
0 
0 
0 
0 
0 
0 
0 
0 
0 
0 
0 
0 
0 
0 
0 
0 
0 
1 2773
0 
0 
1 3373
1 3156
2 802 4307
0 
0 
1 427
1 1625
0 
0 
1 2071
0 
0 
0 
0 
0 
1 2128
6 93 1657 3055 3400 4652 4799
1 1619
0 
0 
0 
0 
0 
0 
0 
0 
0 
0 
0 
0 
0 
0 
0 
1 3528
0 
1 3889
0 
1 3827
0 
0 
0 
2 1401 3017
1 2442
0 
0 
0 
1 5507
0 
1 998
0 
0 
0 
1 3077
1 1694
1 5441
0 
2 2282 3867
0 
0 
0 
0 
0 
0 
0 
0 
0 
1 920
1 4765
0 
0 
0 
0 
1 52
0 
0 
0 
0 
1 3337
0 
0 
0 
0 
1 2419
0 
0 
1 1643
0 
0 
1 2213
0 
0 
0 
0 
0 
0 
1 4768
1 1201
0 
0 
0 
0 
0 
1 595
0 
0 
0 
0 
3 2903 3328 4597
0 
1 5190
3 992 2065 3833
0 
1 3594
0 
0 
1 2637
1 173
1 1452
1 1987
0 
2 1381 1656
0 
0 
1 3630
1 4254
0 
2 3490 4922
1 1233
0 
1 235
0 
0 
0 
0 
0 
0 
0 
0 
1 2820
0 
1 124
0 
0 
0 
0 
0 
0 
1 2698
0 
1 4796
1 5536
0 
0 
1 1445
0 
0 
0 
0 
2 2418 4811
0 
0 
0 
0 
0 
2 3624 5198
0 
1 2729
1 4377
0 
0 
1 2254
1 3626
0 
0 
1 1531
0 
0 
0 
0 
0 
0 
0 
0 
0 
0 
0 
0 
1 4262
0 
0 
1 1176
0 
0 
0 
0 
1 1872
0 
0 
1 1796
0 
1 1961
0 
2 2653 3271
0 
0 
0 
0 
0 
0 
1 5483
0 
0 
1 3368
1 1274
0 
0 
0 
0 
0 
0 
0 
2 5086 5223
1 4243
0 
1 3406
0 
0 
0 
1 2167
0 
0 
0 
0 
1 640
0 
1 1914
0 
1 3731
0 
0 
0 
0 
1 118
1 635
0 
0 
0 
0 
0 
0 
1 5526
0 
1 3460
1 3226
0 
0 
0 
0 
2 875 3193
1 96
0 
1 2
0 
0 
0 
0 
0 
0 
0 
1 629
0 
0 
0 
0 
1 1187
1 833
1 114
1 405
0 
1 5420
1 1985
1 1300
0 
0 
0 
0 
1 5130
0 
0 
2 144 270
1 3710
0 
0 
0 
0 
0 
0 
0 
0 
0 
0 
1 2979
0 
0 
0 
0 
0 
1 4764
2 769 2325
0 
1 2297
0 
0 
0 
0 
0 
0 
0 
0 
0 
1 1293
2 2009 3789
1 791
2 1250 5094
0 
0 
0 
0 
0 
0 
0 
0 
0 
0 
0 
0 
0 
0 
0 
1 5012
0 
0 
0 
0 
0 
0 
0 
1 2760
0 
1 2011
0 
1 5405
1 4515
0 
0 
0 
1 230
0 
0 
0 
1 4347
2 4332 5350
0 
1 1038
0 
0 
0 
0 
0 
0 
0 
0 
0 
0 
0 
0 
0 
1 4607
0 
0 
0 
0 
1 5303
0 
0 
0 
0 
1 2617
0 
0 
0 
1 380
0 
0 
1 1786
0 
0 
0 
0 
1 4420
1 1103
0 
0 
0 
0 
0 
0 
0 
0 
0 
0 
0 
0 
1 208
3 2455 2508 4694
0 
0 
0 
0 
0 
0 
1 4235
0 
2 3180 4646
0 
0 
0 
1 3971
0 
1 3548
0 
1 533
0 
0 
0 
0 
0 
1 2783
0 
0 
0 
0 
1 2083
1 3293
0 
0 
0 
0 
0 
0 
1 973
0 
1 4327
0 
0 
0 
0 
0 
0 
1 3040
0 
0 
0 
1 3694
0 
1 354
0 
0 
0 
1 2159
3 1121 3123 3805
1 2103
1 3158
0 
0 
0 
1 970
0 
0 
0 
0 
0 
1 1967
0 
0 
0 
1 792
0 
0 
0 
1 3564
0 
0 
0 
0 
0 
0 
0 
1 4790
0 
1 2544
0 
0 
5 2907 3099 3369 3724 4502
0 
0 
0 
1 4496
0 
2 10 4431
0 
0 
1 4290
1 2880
1 4101
2 4270 4896
2 1105 4141
0 
0 
0 
0 
0 
0 
0 
0 
0 
0 
1 831
0 
1 415
0 
0 
0 
1 54
0 
0 
0 
0 
0 
1 3569
1 4050
1 765
1 1365
0 
1 3845
0 
1 2973
0 
0 
0 
0 
0 
0 
0 
0 
0 
0 
1 3711
0 
0 
0 
1 3445
0 
0 
1 5202
0 
1 2383
2 2031 2890
0 
1 4633
0 
1 2102
0 
0 
0 
0 
1 609
1 2224
0 
1 318
0 
1 5368
0 
0 
0 
0 
0 
0 
0 
1 1165
0 
1 5379
2 890 4829
1 2301
0 
0 
0 
0 
0 
0 
1 1566
0 
0 
0 
0 
0 
0 
1 1822
0 
0 
0 
2 2403 5238
1 2826
0 
0 
0 
0 
1 4343
0 
0 
0 
0 
0 
0 
1 3982
0 
0 
1 804
0 
0 
0 
0 
0 
0 
0 
0 
0 
0 
0 
1 514
0 
0 
1 1504
0 
2 525 5367
0 
0 
0 
2 4100 4847
1 1208
0 
0 
0 
0 
0 
0 
0 
0 
0 
0 
0 
1 5389
0 
3 1549 1583 4178
0 
0 
1 2406
0 
0 
0 
1 529
0 
0 
2 4491 4859
0 
2 3462 5116
1 1535
1 3480
0 
0 
0 
0 
0 
0 
0 
0 
0 
0 
1 4259
0 
1 2069
0 
1 4252
0 
0 
0 
0 
0 
0 
0 
0 
0 
0 
0 
1 4518
0 
0 
0 
0 
0 
0 
0 
2 2087 4958
0 
1 5112
0 
0 
0 
0 
0 
0 
1 4519
0 
0 
0 
0 
0 
0 
0 
0 
0 
0 
1 4105
1 417
1 1501
0 
3 2004 3362 3897
0 
0 
1 2724
0 
0 
1 3046
1 4794
0 
0 
0 
0 
1 1917
1 4061
1 4184
0 
0 
0 
0 
2 1789 2690
0 
0 
0 
0 
0 
0 
0 
0 
1 1234
0 
0 
1 4746
1 4905
0 
0 
0 
0 
0 
0 
1 1558
0 
0 
1 2287
0 
1 3604
3 159 2299 2336
1 5287
0 
1 1863
1 701
0 
0 
1 4963
0 
1 627
1 1018
2 1911 5358
0 
0 
0 
0 
2 915 1866
0 
1 4202
0 
0 
0 
0 
0 
0 
2 2136 4760
0 
1 287
0 
0 
0 
0 
2 787 1966
0 
4 1238 1999 3177 3657
0 
0 
0 
0 
1 2687
0 
0 
0 
0 
0 
1 4044
1 4015
1 4005
0 
0 
0 
2 1172 2124
0 
1 2751
0 
0 
1 5382
0 
1 3281
0 
0 
1 4199
0 
0 
0 
0 
0 
0 
0 
0 
0 
0 
1 4315
0 
0 
0 
0 
0 
1 3699
0 
0 
2 1607 3902
0 
0 
0 
0 
0 
0 
3 2468 2872 4698
0 
0 
1 1215
0 
1 3450
0 
1 5137
0 
0 
0 
0 
0 
1 3330
0 
0 
0 
2 1468 5056
0 
1 4160
0 
0 
1 2696
1 5062
0 
1 3784
0 
2 453 966
1 1147
1 48
1 1011
0 
0 
0 
0 
1 5090
0 
1 689
0 
2 1350 4489
0 
0 
0 
0 
0 
0 
0 
0 
1 580
0 
0 
0 
0 
0 
0 
0 
2 930 1048
0 
1 2652
1 1304
1 5482
0 
1 4678
0 
0 
0 
1 1715
1 1784
0 
0 
0 
0 
0 
0 
1 1726
0 
0 
0 
0 
0 
0 
0 
0 
0 
0 
0 
0 
0 
0 
1 687
1 1296
0 
1 1591
0 
1 4
0 
0 
0 
1 738
0 
1 4787
1 2592
0 
0 
0 
0 
1 3273
0 
0 
0 
0 
1 1277
0 
0 
0 
1 422
0 
0 
1 1585
0 
0 
0 
1 209
0 
1 356
0 
0 
0 
1 436
1 5033
2 2911 3708
1 3396
0 
1 4490
0 
0 
1 1413
0 
0 
0 
0 
2 2292 5546
0 
0 
1 4813
0 
0 
0 
0 
0 
1 4240
0 
0 
0 
0 
0 
0 
0 
0 
0 
2 343 4990
0 
0 
0 
0 
1 3095
1 1581
0 
0 
1 869
1 2946
0 
0 
0 
0 
1 478
0 
0 
0 
0 
0 
0 
0 
1 1440
0 
0 
0 
0 
0 
2 1390 2531
0 
1 1875
1 2780
0 
0 
0 
0 
0 
0 
0 
0 
0 
0 
0 
1 5218
0 
0 
2 672 1229
0 
0 
0 
0 
1 5486
0 
0 
1 4019
0 
0 
0 
0 
1 2140
0 
0 
1 2453
0 
0 
0 
0 
0 
3 39 3049 3573
0 
0 
0 
1 2602
0 
0 
0 
0 
2 1453 3372
0 
1 3068
0 
0 
0 
1 2201
0 
0 
0 
0 
0 
0 
0 
0 
2 2364 3756
0 
0 
0 
0 
0 
0 
0 
0 
1 4500
1 2735
0 
0 
0 
0 
0 
0 
1 5432
0 
0 
0 
0 
1 710
1 2470
1 777
0 
0 
0 
0 
1 3840
0 
0 
0 
0 
1 1529
0 
0 
3 600 1046 3921
2 113 4918
0 
0 
0 
0 
1 4018
0 
0 
1 3047
1 2409
0 
2 101 1145
0 
0 
0 
0 
1 505
0 
1 4134
0 
1 1514
1 477
0 
0 
0 
1 542
0 
1 1904
0 
1 2558
1 546
0 
0 
0 
1 2993
0 
0 
0 
0 
0 
0 
0 
0 
0 
0 
0 
1 4325
0 
1 3945
0 
1 5427
1 3857
0 
0 
0 
0 
0 
1 5280
0 
0 
1 1575
0 
2 1946 4138
1 442
0 
0 
0 
0 
0 
0 
0 
0 
2 3414 5127
1 5183
2 764 3932
0 
0 
1 4424
0 
0 
1 1418
1 1552
0 
0 
1 1339
2 821 2192
0 
0 
0 
0 
0 
2 1487 2541
0 
1 4411
1 2899
0 
1 1677
0 
0 
0 
2 1945 2098
0 
1 4486
1 513
0 
0 
1 621
0 
0 
0 
1 888
1 4253
0 
1 5064
2 508 3289
0 
1 1654
0 
2 608 4086
0 
0 
0 
0 
1 1089
1 3117
0 
0 
0 
0 
2 3927 4197
0 
0 
0 
0 
0 
0 
0 
0 
0 
1 4793
0 
1 4456
0 
1 4251
3 1686 2835 3870
1 1279
1 2526
0 
0 
1 2625
0 
2 166 4297
0 
0 
0 
0 
0 
1 2317
1 4112
0 
0 
0 
0 
0 
0 
0 
0 
0 
0 
0 
0 
1 2388
0 
0 
0 
0 
0 
0 
0 
0 
1 4892
0 
0 
1 1459
0 
0 
0 
0 
1 20
0 
0 
0 
0 
0 
1 1542
0 
0 
0 
1 4273
0 
1 3350
0 
1 2909
0 
0 
0 
1 1590
0 
2 2377 4994
0 
0 
0 
0 
0 
1 3024
0 
0 
0 
1 688
0 
0 
0 
0 
0 
0 
2 3251 4194
0 
0 
1 734
1 3992
0 
2 1925 5323
1 263
0 
0 
0 
0 
0 
1 2202
1 752
0 
1 2527
0 
0 
0 
0 
0 
1 5077
0 
0 
2 581 4374
0 
1 1150
2 1671 2286
0 
0 
1 2382
0 
2 1378 4914
0 
1 3145
0 
1 4861
0 
1 5321
0 
0 
2 2772 3898
1 4372
0 
0 
1 2084
0 
0 
0 
1 5153
0 
0 
0 
0 
1 1633
0 
0 
0 
1 4756
1 3452
2 26 4336
0 
0 
1 3999
1 1333
0 
0 
0 
0 
0 
1 3891
2 4595 5316
0 
0 
0 
1 4732
0 
0 
0 
0 
0 
0 
0 
0 
1 1502
0 
0 
0 
0 
0 
0 
0 
0 
1 2029
2 2674 4057
0 
0 
0 
0 
0 
0 
0 
0 
1 1357
0 
1 4962
0 
0 
0 
1 3966
0 
1 790
1 4533
0 
1 3514
0 
1 1174
0 
1 1621
0 
0 
1 2326
0 
0 
0 
0 
0 
0 
1 523
0 
1 1206
0 
0 
0 
0 
0 
0 
0 
0 
0 
0 
0 
0 
1 2668
0 
0 
0 
0 
1 2896
0 
0 
1 5107
1 3201
0 
0 
0 
0 
0 
1 5542
2 889 3583
0 
0 
0 
0 
1 3692
1 3085
1 1255
0 
1 3375
0 
0 
1 2304
0 
0 
0 
0 
0 
1 929
0 
0 
0 
0 
0 
0 
0 
0 
0 
0 
0 
0 
0 
0 
0 
1 4063
0 
0 
0 
0 
0 
0 
0 
0 
0 
0 
0 
0 
0 
0 
0 
0 
2 321 4777
0 
0 
0 
0 
0 
0 
0 
0 
1 452
0 
0 
0 
0 
0 
0 
0 
1 779
0 
0 
0 
0 
0 
0 
0 
1 766
0 
0 
0 
1 2139
0 
1 2850
0 
0 
0 
0 
0 
0 
0 
0 
1 5345
1 1612
0 
0 
0 
0 
0 
0 
0 
0 
0 
0 
0 
1 2877
0 
0 
0 
0 
0 
0 
0 
3 2034 3903 4422
0 
0 
0 
0 
0 
0 
0 
0 
0 
0 
1 3195
0 
0 
0 
0 
0 
0 
0 
0 
0 
0 
0 
0 
0 
0 
0 
0 
1 3449
0 
2 1355 5304
2 3535 3911
0 
1 80
0 
0 
0 
0 
0 
0 
0 
1 358
0 
0 
0 
0 
0 
0 
0 
1 2901
0 
1 2611
0 
0 
0 
0 
0 
0 
0 
0 
1 2565
0 
0 
0 
1 1115
0 
0 
0 
0 
0 
2 708 3796
1 4287
0 
0 
0 
0 
1 98
1 2997
0 
0 
1 5278
0 
0 
0 
0 
1 1556
1 4927
0 
0 
0 
0 
0 
0 
0 
0 
0 
0 
0 
0 
2 1410 1801
0 
0 
0 
0 
0 
0 
0 
0 
0 
0 
1 3727
0 
0 
0 
0 
0 
2 4070 4279
0 
2 5444 5537
0 
0 
0 
0 
0 
1 4893
0 
2 4164 5460
0 
0 
0 
0 
0 
0 
0 
0 
0 
0 
0 
1 706
1 2185
1 5060
0 
1 289
0 
1 5126
0 
1 5032
2 1623 3215
0 
1 3149
0 
0 
0 
0 
0 
1 1000
1 2620
2 1669 1898
0 
2 282 3387
0 
1 4798
1 1326
0 
0 
0 
0 
0 
0 
0 
0 
2 754 4540
0 
0 
0 
0 
0 
0 
1 66
0 
1 4948
0 
0 
1 5128
0 
0 
0 
0 
0 
1 3185
0 
1 490
0 
0 
0 
1 2076
2 141 1138
0 
0 
0 
0 
0 
0 
0 
0 
2 1280 1539
0 
0 
0 
0 
0 
1 3100
0 
0 
0 
1 1807
0 
0 
3 224 2791 3777
0 
0 
0 
0 
0 
0 
0 
0 
0 
0 
0 
0 
0 
1 5264
0 
0 
0 
1 4321
0 
0 
1 1831
0 
0 
1 1400
0 
5 497 705 727 3370 3895
0 
0 
0 
0 
1 861
0 
0 
0 
0 
0 
0 
0 
0 
0 
0 
0 
2 400 1792
0 
0 
0 
2 2969 4035
0 
0 
0 
1 1
0 
0 
0 
0 
0 
0 
0 
2 994 3751
1 2490
0 
1 1371
0 
0 
0 
1 2416
0 
1 2868
1 409
1 2101
0 
0 
0 
1 2447
0 
0 
0 
3 522 1040 4124
0 
0 
0 
0 
1 5365
0 
0 
1 3907
0 
1 1106
3 1060 1114 5450
0 
0 
0 
0 
0 
0 
0 
0 
0 
0 
1 2450
0 
1 4986
0 
0 
1 2104
0 
0 
0 
0 
1 602
1 3486
0 
2 1126 4225
1 1298
2 1912 3410
0 
0 
0 
0 
0 
0 
0 
0 
0 
0 
0 
0 
0 
0 
0 
3 1771 2638 3592
0 
0 
0 
3 149 2722 3313
0 
0 
0 
0 
1 675
0 
1 2824
0 
1 2667
0 
0 
0 
0 
2 1751 5375
1 2556
0 
0 
0 
0 
0 
1 2342
1 695
0 
0 
0 
0 
1 2525
0 
0 
0 
2 2734 4775
1 4648
0 
0 
0 
0 
0 
0 
1 1466
2 656 4809
0 
0 
0 
1 4788
1 4460
0 
0 
1 5471
0 
0 
1 3278
0 
0 
0 
0 
0 
1 3121
0 
0 
0 
0 
0 
0 
0 
0 
0 
0 
1 3625
0 
1 1422
1 71
0 
0 
0 
0 
1 3458
0 
0 
0 
0 
1 3113
1 3072
0 
1 547
0 
1 148
2 1803 3183
2 747 5149
0 
0 
0 
3 1157 1192 4800
0 
0 
1 4288
0 
0 
2 811 2198
0 
0 
0 
1 645
0 
0 
1 1853
0 
1 4523
0 
0 
0 
0 
0 
0 
0 
0 
0 
0 
0 
0 
0 
0 
1 3204
0 
0 
0 
0 
2 808 4570
1 1198
0 
0 
0 
0 
0 
0 
0 
0 
0 
0 
0 
0 
1 746
0 
0 
2 1704 5513
1 2162
0 
0 
2 528 1708
0 
0 
0 
0 
0 
1 1351
1 4306
0 
0 
0 
0 
0 
1 4567
0 
0 
0 
0 
1 5418
0 
0 
0 
0 
0 
0 
0 
0 
0 
0 
0 
0 
0 
2 1205 2085
0 
0 
0 
0 
0 
0 
0 
1 3744
0 
2 2977 3912
0 
0 
0 
0 
0 
0 
0 
0 
1 1342
0 
1 5340
0 
0 
1 4200
0 
1 1168
0 
0 
0 
0 
0 
0 
1 1763
1 2823
0 
1 2311
0 
1 1085
0 
1 2186
0 
1 5168
0 
0 
0 
1 2365
0 
0 
0 
0 
0 
0 
0 
0 
0 
0 
0 
0 
0 
0 
0 
0 
0 
0 
0 
0 
0 
0 
1 3983
0 
1 4379
0 
1 579
0 
1 316
0 
1 3797
2 2563 5211
0 
0 
0 
2 4514 4733
0 
0 
0 
0 
0 
2 971 2429
0 
1 4527
2 2876 4432
1 5034
0 
0 
0 
0 
0 
0 
0 
0 
0 
0 
1 3825
0 
0 
0 
0 
2 822 3303
0 
0 
0 
0 
1 56
0 
0 
0 
0 
1 5245
1 395
0 
2 2451 3960
0 
0 
0 
0 
1 2230
0 
1 4369
1 2718
0 
1 5521
0 
0 
1 3800
0 
0 
1 4997
0 
0 
0 
0 
0 
0 
0 
0 
0 
0 
3 584 810 827
0 
0 
0 
0 
1 3476
0 
1 3492
0 
0 
0 
0 
0 
1 3906
0 
0 
0 
0 
0 
0 
0 
0 
0 
0 
0 
0 
1 922
0 
0 
0 
1 4846
1 1071
0 
0 
0 
0 
0 
0 
0 
0 
0 
0 
0 
0 
0 
0 
0 
0 
1 872
0 
0 
1 59
0 
0 
1 1981
0 
0 
0 
1 2510
0 
0 
0 
0 
1 199
0 
0 
0 
1 89
0 
1 2227
0 
0 
0 
0 
1 460
0 
0 
1 3124
2 2771 5102
0 
2 3075 5333
1 5219
0 
0 
1 2405
0 
0 
0 
0 
0 
1 5241
0 
0 
0 
0 
0 
0 
0 
1 399
0 
0 
1 5159
2 4338 4385
0 
0 
0 
0 
0 
0 
0 
0 
0 
0 
0 
0 
0 
1 5041
0 
0 
0 
0 
0 
1 5249
0 
0 
0 
0 
0 
1 1929
0 
1 1273
0 
1 4916
0 
0 
0 
0 
0 
0 
0 
0 
0 
0 
0 
0 
0 
0 
1 4045
0 
0 
0 
0 
0 
0 
0 
0 
3 456 2972 4701
0 
1 1209
0 
0 
2 1167 5388
0 
0 
0 
1 1746
2 783 3119
0 
0 
0 
0 
0 
0 
1 3139
0 
0 
0 
1 1438
0 
1 3918
4 1580 1825 3646 4446
1 3575
1 3993
0 
1 4383
3 2594 2736 4568
0 
0 
0 
0 
0 
0 
2 668 3162
0 
0 
0 
1 2217
0 
0 
0 
0 
0 
2 1043 5242
1 1779
0 
0 
1 2414
0 
0 
0 
0 
0 
1 5214
1 2258
0 
0 
0 
1 5467
0 
1 1533
0 
1 2436
0 
0 
0 
1 5155
0 
1 3760
0 
0 
0 
1 2410
0 
1 3413
0 
0 
0 
0 
0 
0 
0 
0 
1 603
0 
0 
1 290
0 
0 
1 1496
0 
0 
2 631 1218
1 3691
0 
1 2941
1 5498
0 
0 
0 
0 
0 
0 
0 
0 
0 
0 
2 3340 3580
0 
0 
1 1982
1 2143
1 1559
0 
0 
0 
0 
0 
0 
3 4016 4664 4886
0 
0 
0 
0 
0 
0 
0 
1 3272
0 
2 3073 3842
0 
0 
0 
0 
0 
0 
0 
1 4443
0 
2 660 1772
0 
1 3385
2 2219 3659
1 3589
0 
0 
0 
0 
0 
0 
0 
0 
0 
0 
0 
1 977
0 
0 
0 
0 
2 1128 3647
0 
0 
0 
4 3837 4345 4836 4878
0 
0 
0 
1 4440
1 1399
0 
0 
0 
0 
1 5528
0 
0 
0 
1 3482
0 
0 
1 1118
1 2321
0 
1 3530
0 
0 
1 1674
0 
0 
0 
1 1090
0 
0 
2 377 3324
0 
0 
0 
0 
0 
0 
0 
0 
1 1179
0 
0 
0 
0 
0 
0 
1 3602
0 
1 1113
0 
0 
0 
0 
2 3190 3901
0 
0 
1 2203
1 4234
1 3608
0 
0 
0 
1 4261
0 
1 3723
0 
0 
0 
0 
2 1286 4295
0 
0 
0 
1 2044
0 
2 1636 1943
0 
1 1685
0 
0 
0 
0 
0 
0 
0 
0 
1 4442
0 
1 1523
0 
0 
1 690
0 
0 
1 1799
0 
0 
1 2182
0 
0 
1 1644
0 
0 
0 
0 
0 
1 3426
0 
0 
0 
1 2593
0 
0 
0 
1 1004
0 
0 
0 
1 1439
0 
0 
0 
0 
1 883
1 1348
0 
0 
0 
0 
0 
0 
0 
1 3115
1 2723
0 
0 
0 
0 
0 
2 1181 3022
0 
0 
0 
2 2645 5188
0 
0 
0 
0 
0 
0 
1 1629
1 2739
0 
0 
1 2793
0 
3 2550 3283 5167
0 
0 
2 3516 5191
0 
1 2116
2 259 4851
0 
2 3747 5440
0 
1 3909
0 
0 
0 
1 4093
0 
0 
0 
0 
1 683
0 
0 
0 
0 
1 604
0 
1 397
0 
3 3167 3515 5057
1 2817
0 
0 
0 
0 
0 
0 
0 
0 
0 
0 
1 5260
0 
0 
0 
0 
0 
1 1063
1 5371
0 
0 
1 1380
0 
0 
1 5342
1 107
0 
0 
0 
0 
0 
1 1520
1 471
0 
0 
0 
1 682
0 
1 1668
0 
0 
0 
0 
1 5119
1 1662
0 
0 
0 
0 
0 
0 
1 596
1 3081
1 2386
0 
0 
0 
0 
0 
0 
0 
0 
0 
0 
0 
0 
1 4157
0 
1 2039
0 
0 
0 
1 2037
0 
0 
1 4993
0 
0 
0 
0 
0 
1 5295
0 
1 3427
0 
0 
0 
0 
0 
0 
0 
1 696
0 
0 
0 
0 
0 
0 
0 
1 1478
0 
0 
0 
1 1477
0 
0 
0 
2 1663 2562
0 
0 
0 
0 
1 4505
0 
1 3285
0 
2 1618 5269
0 
0 
2 1412 3323
0 
1 303
1 5240
1 1782
0 
0 
0 
0 
0 
1 4356
0 
0 
0 
1 1756
1 2693
0 
0 
0 
0 
0 
0 
0 
1 2305
1 4082
2 1586 3834
0 
0 
1 589
0 
0 
0 
1 3026
0 
0 
0 
0 
0 
0 
0 
1 1310
0 
0 
0 
0 
2 918 5096
0 
0 
0 
1 3301
0 
0 
0 
0 
0 
1 1706
0 
0 
0 
1 3654
0 
0 
1 181
0 
0 
1 4677
0 
0 
0 
0 
0 
0 
0 
0 
0 
0 
0 
0 
0 
0 
0 
0 
0 
0 
0 
1 1638
0 
1 950
0 
0 
0 
0 
0 
0 
0 
1 84
0 
1 2424
0 
0 
0 
0 
0 
0 
0 
0 
0 
1 3844
0 
0 
0 
0 
0 
0 
0 
0 
0 
0 
0 
0 
0 
0 
2 986 3568
2 178 3612
2 1288 3417
0 
1 37
1 5213
2 223 3917
1 1606
1 3354
0 
0 
0 
1 1564
0 
0 
1 896
0 
0 
0 
0 
0 
0 
0 
0 
0 
0 
0 
1 3672
1 2168
1 1236
0 
0 
0 
0 
0 
0 
0 
0 
1 639
1 2067
2 28 1210
0 
0 
0 
1 3176
0 
0 
0 
0 
1 2948
0 
0 
0 
0 
2 1335 2288
0 
0 
0 
0 
0 
0 
0 
1 1362
0 
0 
0 
0 
0 
0 
1 4296
0 
0 
0 
0 
0 
1 2600
1 3157
0 
1 1383
0 
1 4213
0 
0 
0 
1 614
1 3890
0 
1 4239
0 
1 4959
0 
0 
0 
0 
0 
0 
0 
0 
0 
0 
0 
1 4581
0 
1 1243
0 
1 4592
0 
0 
0 
0 
0 
1 2407
0 
2 662 3520
1 938
0 
0 
1 162
0 
0 
0 
1 3511
0 
0 
1 3032
1 2153
0 
1 5123
0 
0 
2 1833 4416
1 4584
0 
0 
0 
1 4714
0 
0 
0 
1 1705
1 5265
0 
0 
1 3483
1 3606
2 3505 5007
0 
0 
1 2960
0 
0 
0 
0 
1 4387
0 
1 3682
0 
0 
0 
0 
0 
0 
1 3475
0 
0 
0 
1 3433
0 
3 3393 3809 4940
2 3538 4166
0 
0 
0 
0 
0 
0 
0 
0 
1 1868
0 
0 
2 3189 3876
0 
0 
0 
0 
0 
0 
1 3300
0 
0 
1 5085
2 1984 3471
0 
1 3550
0 
0 
0 
0 
0 
0 
0 
0 
0 
0 
1 136
0 
2 2281 2371
1 439
1 4707
0 
0 
0 
0 
0 
0 
0 
0 
0 
0 
0 
0 
0 
0 
0 
0 
0 
1 4482
1 1883
0 
1 1029
0 
1 3605
0 
0 
0 
0 
0 
1 2397
1 4713
0 
1 2434
0 
0 
0 
0 
0 
0 
0 
0 
0 
0 
0 
1 928
0 
0 
1 4142
0 
0 
0 
1 2298
0 
0 
1 2244
0 
1 1406
1 4360
0 
1 1309
1 3160
0 
0 
0 
2 1062 1221
1 5151
0 
1 5516
0 
0 
0 
0 
0 
0 
0 
0 
0 
1 945
0 
0 
1 2786
0 
0 
0 
0 
0 
0 
1 1072
1 1330
0 
0 
2 709 4884
0 
0 
2 1397 5069
1 4692
0 
0 
0 
0 
1 909
0 
0 
0 
2 2676 3152
0 
1 1761
0 
0 
3 3793 4771 5210
1 3866
0 
0 
2 1576 4869
0 
1 5298
0 
0 
1 4965
0 
3 1569 2700 2840
1 3648
0 
1 3593
0 
0 
1 678
0 
0 
1 2228
0 
0 
0 
0 
0 
0 
0 
0 
1 4827
1 5369
0 
0 
0 
1 4000
0 
0 
1 4865
0 
1 1219
1 879
1 2932
2 2050 4368
0 
0 
2 1481 4055
0 
0 
0 
0 
0 
0 
0 
0 
0 
0 
0 
1 4300
0 
0 
0 
0 
1 1387
0 
1 1754
0 
0 
0 
0 
0 
0 
0 
0 
0 
0 
1 4795
0 
0 
0 
0 
0 
0 
0 
1 3338
0 
0 
0 
0 
1 3533
0 
1 2856
0 
1 3832
0 
2 426 5220
1 3885
2 347 3487
0 
0 
0 
0 
0 
1 307
1 4108
0 
0 
1 3459
0 
0 
0 
0 
1 4487
0 
0 
0 
1 3329
0 
0 
0 
0 
0 
0 
0 
0 
0 
1 3361
1 2938
4 322 1661 2300 5017
0 
0 
0 
0 
1 1359
0 
0 
1 13
0 
0 
1 3394
1 1291
0 
1 3150
0 
0 
0 
0 
0 
0 
0 
0 
0 
0 
0 
0 
1 2467
0 
0 
0 
1 3147
0 
0 
1 3615
0 
1 2536
0 
0 
1 3377
0 
0 
0 
0 
0 
0 
0 
0 
0 
1 2812
0 
0 
2 1435 2267
1 531
0 
0 
1 4977
1 5100
0 
0 
0 
0 
0 
1 1517
0 
1 2913
0 
0 
1 4517
0 
0 
0 
0 
0 
0 
0 
0 
0 
0 
0 
0 
0 
0 
0 
1 4702
0 
2 2204 3165
0 
0 
0 
1 795
0 
0 
0 
0 
4 2045 2341 3636 4619
0 
1 3972
0 
2 1031 3440
0 
0 
0 
1 5173
0 
0 
0 
0 
1 4450
1 2294
0 
0 
0 
0 
0 
0 
0 
1 4845
0 
1 2335
1 9
0 
1 4885
0 
0 
0 
0 
1 4246
0 
1 2121
2 2944 4524
1 1975
0 
0 
0 
0 
0 
0 
0 
2 2223 4987
0 
0 
0 
1 375
2 3656 3782
0 
1 3871
0 
0 
1 5314
0 
0 
1 5221
0 
0 
0 
1 1222
0 
0 
0 
0 
0 
0 
0 
0 
0 
0 
1 1596
0 
2 1743 2962
0 
0 
0 
0 
1 4644
0 
0 
0 
1 2479
0 
0 
0 
0 
0 
1 3357
1 3067
1 4551
1 3231
0 
0 
0 
0 
0 
1 1561
0 
0 
0 
1 3836
0 
0 
0 
0 
0 
0 
1 975
1 3555
1 5310
2 984 1614
0 
1 1895
0 
1 1407
0 
0 
0 
0 
0 
0 
2 241 1311
1 939
0 
1 4992
0 
0 
0 
0 
1 1111
1 4089
1 3773
0 
0 
0 
0 
0 
1 3531
0 
1 2984
1 4464
0 
0 
0 
0 
0 
0 
1 5294
0 
0 
0 
0 
0 
1 3284
0 
0 
0 
1 2473
1 482
0 
1 4180
0 
1 2588
1 184
0 
0 
1 3258
0 
0 
0 
0 
0 
0 
0 
1 4708
0 
1 4857
1 1993
0 
0 
0 
1 4839
0 
0 
0 
0 
0 
0 
0 
1 2478
1 4754
1 3228
0 
2 2792 3998
0 
0 
0 
1 1474
0 
0 
0 
1 944
0 
1 5177
3 2000 2539 4479
0 
0 
0 
0 
0 
0 
0 
0 
1 3963
0 
0 
0 
0 
0 
1 4391
1 1426
1 5544
0 
0 
0 
0 
0 
0 
0 
0 
0 
0 
0 
0 
3 912 3532 4212
0 
0 
0 
0 
0 
1 3225
0 
0 
0 
0 
0 
0 
1 2079
0 
0 
0 
1 3065
1 2730
0 
0 
1 2375
0 
1 5346
1 4686
0 
2 172 5457
0 
0 
0 
0 
0 
1 5055
0 
0 
1 913
0 
0 
0 
2 1628 2650
0 
0 
0 
0 
1 2170
0 
0 
1 240
0 
1 5477
1 4331
0 
0 
0 
1 2745
0 
0 
1 724
3 1036 1054 4012
1 745
0 
0 
0 
1 2591
0 
1 1602
0 
1 2778
0 
0 
0 
0 
0 
1 1097
0 
0 
0 
0 
0 
0 
0 
0 
0 
2 2256 4657
1 2276
1 5341
0 
0 
1 2658
0 
0 
0 
0 
0 
0 
0 
1 1969
0 
0 
0 
0 
0 
0 
0 
0 
0 
1 1541
0 
0 
0 
1 3861
0 
1 1846
0 
1 202
0 
1 562
1 5142
0 
0 
1 5348
0 
1 1299
0 
0 
0 
0 
2 313 1270
1 648
0 
1 926
0 
1 4257
0 
0 
1 4911
1 2021
0 
0 
1 2250
0 
0 
0 
0 
0 
0 
0 
1 2770
0 
0 
0 
0 
0 
0 
0 
1 3000
0 
1 1197
0 
0 
0 
0 
0 
0 
0 
0 
0 
0 
0 
0 
0 
1 1956
0 
1 4588
0 
0 
0 
0 
0 
0 
0 
0 
0 
1 1699
0 
0 
0 
0 
0 
1 5059
0 
1 3990
0 
0 
0 
0 
1 5281
1 2003
0 
0 
0 
0 
0 
0 
2 4824 5181
0 
0 
0 
1 671
0 
0 
0 
2 907 4785
0 
0 
1 3416
0 
0 
0 
0 
0 
0 
0 
0 
0 
0 
0 
1 5257
0 
0 
0 
0 
0 
0 
0 
0 
0 
0 
0 
0 
0 
0 
2 673 847
0 
0 
0 
0 
2 323 842
0 
1 5305
1 6
0 
1 3207
0 
1 2858
0 
0 
0 
0 
1 4280
0 
0 
0 
0 
0 
2 2351 4181
0 
0 
0 
0 
0 
0 
0 
0 
0 
0 
0 
0 
0 
0 
0 
2 232 4833
0 
0 
0 
0 
1 670
0 
0 
0 
0 
0 
0 
1 1834
0 
0 
0 
0 
1 1798
1 4196
0 
1 3923
0 
0 
1 4843
0 
0 
0 
0 
0 
0 
2 4727 5515
0 
1 1437
1 2271
0 
1 1058
0 
2 438 5397
1 512
0 
1 2486
0 
0 
0 
0 
0 
2 244 484
0 
1 3188
1 2417
0 
1 1194
0 
0 
1 4873
0 
0 
0 
0 
0 
1 5201
0 
0 
0 
1 5400
0 
0 
0 
1 3257
0 
0 
0 
1 1204
0 
0 
1 2398
1 3409
0 
0 
1 1161
0 
2 90 1893
1 3565
1 4398
0 
0 
0 
0 
0 
1 4615
1 387
0 
0 
1 1436
0 
0 
0 
0 
0 
0 
0 
0 
0 
0 
0 
0 
0 
0 
0 
0 
0 
0 
0 
0 
0 
0 
2 1480 4038
0 
1 2232
0 
0 
0 
0 
0 
2 2990 4784
1 4642
0 
0 
0 
0 
0 
0 
0 
0 
0 
0 
1 3830
0 
1 2040
0 
0 
0 
0 
0 
0 
0 
1 2985
0 
2 271 3211
0 
0 
0 
0 
0 
0 
0 
1 1067
0 
0 
0 
0 
2 31 3644
0 
0 
0 
0 
0 
0 
0 
1 2006
0 
1 4704
0 
0 
0 
0 
0 
1 418
2 1260 2308
0 
0 
0 
0 
0 
1 5292
1 3498
1 160
0 
0 
0 
1 3008
0 
0 
0 
0 
0 
2 2954 3086
0 
0 
2 880 3407
0 
0 
0 
0 
0 
0 
0 
0 
0 
1 77
0 
1 676
0 
0 
1 2367
0 
2 3212 3872
0 
1 4636
0 
0 
0 
1 1526
0 
1 2775
0 
0 
1 4397
0 
0 
0 
1 1733
0 
0 
0 
0 
1 4711
0 
0 
0 
0 
0 
0 
0 
0 
0 
0 
1 365
0 
0 
0 
0 
0 
0 
2 2543 5189
0 
0 
0 
0 
0 
0 
1 5454
0 
1 5194
0 
0 
0 
0 
1 3164
0 
0 
0 
1 5088
0 
0 
2 1584 1844
0 
1 2245
0 
0 
0 
0 
0 
0 
0 
1 4281
0 
0 
0 
1 3716
1 4354
0 
0 
1 1393
0 
0 
2 2315 3262
1 5404
0 
1 3576
0 
0 
0 
0 
1 1824
1 458
0 
3 968 2598 4223
1 3545
0 
0 
0 
0 
0 
1 1491
0 
0 
0 
0 
1 2275
0 
0 
0 
0 
1 4608
1 2692
0 
0 
0 
0 
1 2842
0 
0 
0 
0 
1 4538
1 3259
0 
0 
0 
0 
0 
0 
2 4226 5282
0 
0 
0 
0 
1 1916
0 
0 
0 
0 
0 
2 432 978
1 1200
0 
0 
1 3252
1 2489
0 
1 3001
0 
1 4207
0 
0 
2 2387 4741
0 
0 
0 
1 2814
1 121
0 
0 
1 2834
0 
0 
0 
0 
0 
0 
0 
0 
0 
2 509 3683
1 492
0 
0 
0 
0 
0 
0 
1 260
0 
1 2231
1 3428
1 4470
0 
0 
1 2319
0 
0 
0 
0 
0 
0 
0 
0 
0 
0 
1 5414
1 4147
0 
0 
0 
0 
0 
0 
0 
0 
0 
0 
0 
0 
0 
0 
0 
0 
4 1546 2376 2928 3973
0 
0 
1 3651
0 
0 
0 
2 1086 4291
0 
0 
0 
0 
0 
1 2496
0 
0 
0 
0 
0 
0 
1 3581
0 
0 
0 
0 
0 
0 
0 
0 
1 5338
2 2685 3543
0 
0 
0 
0 
0 
0 
0 
0 
1 663
0 
0 
1 4013
0 
1 4412
0 
0 
1 1942
0 
1 3745
0 
0 
0 
0 
0 
0 
0 
0 
0 
0 
0 
3 1835 2509 2710
0 
0 
1 545
0 
0 
0 
0 
1 841
0 
1 3627
1 1307
0 
1 2331
0 
0 
0 
0 
0 
0 
0 
0 
0 
0 
0 
0 
0 
0 
1 4666
0 
0 
0 
0 
1 1593
0 
1 168
0 
1 2164
0 
1 4444
0 
0 
0 
2 340 4791
0 
0 
1 335
0 
2 1592 4403
1 3621
0 
0 
0 
0 
0 
1 5301
0 
0 
1 5066
1 4428
1 1860
0 
0 
0 
1 255
1 2152
0 
0 
0 
0 
0 
1 440
0 
0 
0 
1 1869
0 
2 991 1906
0 
0 
1 2181
0 
0 
0 
1 4920
0 
0 
0 
0 
0 
0 
0 
0 
0 
0 
0 
0 
1 41
1 4665
0 
0 
0 
0 
0 
0 
0 
0 
1 807
1 4090
0 
0 
1 4912
0 
0 
0 
0 
0 
0 
1 3556
0 
0 
0 
0 
0 
0 
1 3339
0 
1 374
2 362 4889
0 
0 
0 
0 
0 
0 
1 1053
0 
0 
0 
0 
0 
0 
0 
0 
0 
1 1318
1 2782
0 
0 
0 
0 
0 
0 
0 
0 
0 
0 
0 
0 
1 5540
0 
0 
0 
0 
0 
1 4753
0 
0 
1 3444
0 
2 3316 4049
0 
1 3988
0 
0 
0 
0 
1 1737
0 
1 722
1 4837
0 
0 
0 
0 
0 
0 
0 
0 
0 
0 
1 599
0 
0 
3 123 3976 4353
0 
0 
0 
1 4077
0 
0 
0 
1 2862
2 1059 3641
0 
0 
1 4003
0 
0 
0 
0 
0 
0 
0 
0 
1 4059
0 
0 
0 
0 
0 
1 4215
0 
1 878
0 
0 
0 
0 
6 2512 2866 3310 3404 4909 5531
0 
0 
0 
0 
0 
0 
0 
1 4455
0 
0 
0 
0 
0 
0 
0 
0 
0 
0 
1 2460
0 
0 
0 
0 
1 517
0 
1 1368
0 
0 
0 
0 
0 
0 
0 
0 
0 
1 1932
0 
1 4153
0 
0 
0 
0 
0 
0 
0 
0 
0 
0 
0 
2 447 4051
2 4995 5031
0 
0 
0 
0 
1 5372
0 
0 
1 1191
0 
0 
0 
0 
1 669
0 
0 
0 
0 
1 320
0 
0 
1 2395
0 
2 1178 2682
0 
0 
0 
0 
0 
1 4850
0 
0 
0 
1 5006
0 
0 
0 
1 475
1 5049
0 
1 5452
0 
0 
0 
0 
0 
0 
0 
1 1768
0 
0 
1 76
0 
0 
0 
1 1810
0 
0 
0 
0 
0 
0 
0 
0 
0 
3 1042 3197 4675
1 4933
1 5101
0 
2 4065 5061
0 
0 
0 
0 
0 
0 
1 1287
1 3098
0 
0 
0 
0 
2 4084 5307
1 1327
0 
2 402 1856
0 
2 1673 2499
0 
2 1347 3315
0 
1 4740
0 
0 
0 
0 
0 
0 
0 
0 
1 5008
0 
1 1505
0 
0 
1 4037
0 
0 
0 
1 280
0 
0 
2 4222 5111
0 
0 
0 
0 
0 
1 1899
0 
0 
0 
1 3707
2 1369 2105
0 
0 
0 
1 1389
0 
0 
0 
0 
0 
0 
0 
1 2019
1 2843
1 4521
0 
0 
0 
0 
0 
0 
0 
1 3463
0 
0 
0 
0 
1 2631
0 
1 2058
0 
3 4864 5067 5120
1 4532
0 
2 2215 2923
0 
0 
0 
0 
0 
0 
0 
0 
2 884 3961
0 
0 
0 
1 227
0 
0 
1 1858
0 
0 
0 
0 
0 
0 
0 
0 
0 
0 
0 
0 
0 
0 
0 
1 2568
0 
0 
0 
0 
0 
0 
0 
0 
0 
0 
0 
1 2832
0 
0 
0 
0 
0 
0 
0 
1 495
0 
0 
0 
0 
0 
0 
1 4561
1 5135
0 
0 
0 
0 
0 
0 
0 
0 
0 
0 
2 1075 1433
0 
0 
0 
0 
0 
1 1859
0 
0 
1 2052
0 
0 
0 
1 2093
0 
0 
0 
2 36 941
0 
1 4898
0 
0 
0 
0 
0 
0 
0 
0 
1 2338
1 18
2 2314 4267
1 4376
1 4970
0 
0 
0 
1 4976
1 921
0 
0 
1 2721
0 
0 
0 
0 
0 
0 
0 
0 
0 
0 
0 
0 
0 
0 
0 
0 
0 
0 
0 
2 1119 3969
0 
0 
1 5199
0 
0 
1 5329
0 
0 
0 
0 
0 
0 
0 
0 
0 
0 
0 
0 
0 
1 156
0 
0 
0 
2 2379 4806
0 
0 
0 
0 
0 
1 188
0 
0 
1 633
0 
2 2641 5289
0 
1 5538
0 
0 
0 
0 
1 3395
0 
0 
0 
0 
0 
0 
0 
0 
0 
1 5022
0 
1 934
1 4314
2 1430 2291
0 
0 
3 429 2402 3955
0 
0 
0 
0 
0 
0 
1 1998
0 
0 
0 
0 
1 2483
0 
0 
1 4171
0 
0 
0 
1 4956
0 
0 
0 
0 
1 102
0 
0 
0 
0 
0 
0 
0 
0 
0 
0 
1 2264
0 
0 
1 3374
1 4249
0 
0 
0 
1 657
1 450
0 
0 
1 828
0 
1 2672
2 646 3765
0 
0 
0 
0 
0 
1 1494
1 1490
1 1627
1 8
0 
0 
1 1180
0 
1 4407
1 1136
0 
1 481
0 
1 64
0 
0 
0 
1 1008
0 
0 
0 
2 1424 2694
0 
0 
0 
0 
0 
0 
0 
0 
0 
0 
2 412 2994
0 
2 1485 3138
0 
2 1603 1838
0 
0 
1 2179
0 
0 
0 
0 
0 
0 
0 
0 
0 
0 
0 
0 
0 
0 
1 82
0 
1 1537
0 
0 
0 
0 
0 
0 
1 3087
1 786
0 
1 65
0 
1 4706
0 
0 
0 
0 
0 
0 
0 
0 
0 
0 
0 
1 532
0 
0 
0 
0 
0 
0 
0 
1 2566
0 
0 
1 5327
0 
0 
0 
1 489
0 
0 
0 
0 
1 4605
0 
1 5354
0 
0 
0 
1 3864
1 5406
0 
1 4693
0 
0 
1 953
2 935 5326
1 3013
0 
0 
0 
0 
1 4743
7 874 1006 1341 1488 3728 3738 5205
1 3953
1 2746
1 667
0 
0 
0 
0 
0 
0 
0 
1 373
1 3290
0 
0 
0 
0 
0 
1 2935
2 956 2683
0 
0 
0 
0 
1 5290
0 
0 
0 
0 
0 
0 
0 
2 1780 2888
0 
1 5026
0 
0 
0 
0 
1 1262
0 
0 
0 
1 301
0 
0 
0 
0 
1 1588
0 
1 3629
0 
0 
0 
1 196
0 
0 
0 
1 1758
0 
1 1211
0 
0 
1 4876
0 
0 
0 
0 
0 
0 
1 257
0 
1 1928
0 
0 
0 
1 5408
1 1940
0 
0 
0 
1 1278
0 
0 
0 
0 
0 
0 
0 
0 
0 
0 
0 
0 
0 
1 5063
0 
1 1394
0 
1 4562
0 
0 
0 
0 
0 
2 1781 3092
0 
0 
0 
0 
0 
1 1317
0 
2 716 3591
0 
2 2548 4278
1 4394
1 3010
0 
1 4053
2 3389 3894
0 
0 
0 
0 
2 2132 3585
0 
1 3774
0 
0 
0 
0 
0 
0 
0 
1 1098
0 
0 
0 
0 
0 
0 
0 
0 
1 605
2 2632 3250
0 
0 
0 
0 
0 
0 
0 
1 3344
0 
0 
0 
0 
0 
0 
0 
0 
0 
0 
0 
0 
0 
0 
0 
1 3929
0 
0 
0 
0 
0 
0 
0 
0 
0 
0 
0 
0 
0 
0 
0 
0 
0 
0 
1 248
0 
1 2392
0 
0 
0 
0 
0 
0 
0 
1 881
0 
0 
0 
0 
1 2048
0 
0 
0 
0 
0 
0 
0 
0 
0 
0 
1 350
0 
0 
1 2380
0 
0 
0 
0 
0 
0 
0 
0 
1 1560
1 1918
0 
0 
0 
0 
0 
0 
0 
1 1133
0 
0 
0 
0 
0 
0 
0 
0 
0 
0 
0 
0 
0 
0 
0 
1 3286
1 1195
0 
0 
0 
1 4113
0 
0 
2 1272 2488
0 
0 
1 4140
1 3603
0 
0 
1 2952
0 
0 
0 
0 
0 
1 5527
0 
1 3919
0 
0 
0 
0 
0 
0 
1 5175
0 
1 3275
0 
1 4715
0 
0 
1 4167
1 3878
0 
2 893 4973
0 
0 
1 1695
0 
0 
0 
1 4763
0 
0 
1 1675
2 3102 3733
0 
0 
0 
0 
0 
0 
1 1659
0 
0 
0 
0 
0 
0 
0 
0 
0 
0 
0 
0 
0 
0 
0 
0 
0 
0 
0 
0 
0 
0 
0 
1 3873
0 
0 
0 
0 
3 1415 3562 4208
0 
1 598
1 658
1 3766
0 
0 
0 
0 
0 
0 
0 
3 3093 4048 4930
0 
0 
1 2123
0 
0 
3 740 797 1538
0 
0 
0 
0 
0 
0 
0 
0 
0 
0 
0 
0 
0 
1 4008
0 
0 
0 
0 
0 
1 4875
0 
1 4260
0 
0 
0 
1 4949
0 
0 
2 2589 3218
0 
0 
1 441
1 4041
0 
0 
1 1132
1 2711
0 
0 
0 
0 
1 613
0 
0 
2 503 4075
0 
1 3947
2 1190 4674
0 
0 
0 
1 755
0 
0 
0 
1 3238
0 
0 
0 
0 
0 
0 
0 
0 
1 256
0 
0 
0 
0 
0 
0 
0 
1 2432
0 
1 1710
0 
0 
0 
0 
0 
1 5494
0 
0 
0 
0 
0 
1 1849
0 
0 
0 
0 
1 3155
0 
0 
0 
0 
0 
0 
0 
0 
0 
0 
1 5158
0 
0 
0 
0 
2 4944 5399
0 
0 
0 
0 
0 
0 
0 
0 
0 
1 4640
1 4969
0 
1 4842
1 4292
0 
0 
0 
0 
0 
0 
0 
0 
0 
0 
0 
0 
0 
0 
0 
0 
2 2796 3174
0 
1 1379
0 
0 
0 
0 
1 636
0 
1 848
2 3288 3614
0 
0 
1 5172
2 1442 2936
0 
0 
1 2934
0 
1 4328
0 
0 
0 
2 2343 3755
0 
1 1672
0 
1 3695
0 
0 
0 
0 
0 
0 
1 5532
1 3169
1 1323
0 
0 
1 306
1 914
0 
0 
0 
1 3312
0 
0 
0 
2 1926 3347
0 
0 
0 
1 506
0 
0 
0 
0 
0 
0 
0 
0 
1 3671
0 
0 
0 
1 3676
0 
0 
0 
1 4737
1 1078
0 
0 
0 
0 
1 2501
0 
0 
1 4758
0 
0 
1 2575
0 
0 
0 
3 24 2762 2981
0 
0 
0 
2 1814 3798
0 
1 3434
0 
1 4256
1 649
0 
0 
2 1022 1876
0 
0 
0 
0 
0 
0 
0 
0 
1 2673
0 
0 
0 
0 
0 
0 
0 
0 
0 
0 
0 
0 
0 
0 
0 
0 
0 
1 61
0 
0 
1 3652
0 
0 
0 
0 
0 
0 
0 
0 
0 
0 
0 
1 3317
2 218 286
0 
1 2511
0 
2 864 3750
0 
0 
0 
0 
0 
0 
0 
2 1696 3662
0 
0 
0 
0 
0 
0 
1 4155
1 2622
0 
0 
0 
0 
0 
0 
0 
0 
0 
0 
0 
2 406 1014
0 
0 
0 
0 
1 1518
0 
0 
0 
0 
0 
0 
2 4721 4881
0 
1 2306
2 849 4853
0 
0 
0 
0 
1 3880
0 
0 
0 
0 
0 
0 
0 
0 
2 816 2462
0 
0 
1 1251
0 
0 
1 5092
1 4189
0 
1 4695
0 
0 
0 
1 2570
0 
0 
1 4673
0 
0 
3 2012 3425 4363
0 
0 
0 
0 
1 1066
0 
0 
0 
0 
0 
1 3888
2 4726 5328
0 
1 4981
0 
0 
0 
1 4183
0 
0 
0 
0 
0 
0 
0 
0 
0 
0 
1 824
1 5013
0 
0 
1 2797
0 
0 
0 
1 5344
0 
0 
0 
0 
0 
0 
1 4985
0 
0 
0 
0 
0 
0 
0 
0 
0 
1 4096
0 
0 
0 
0 
1 4451
0 
0 
0 
1 3712
0 
0 
0 
0 
0 
0 
0 
0 
0 
0 
0 
1 5018
0 
0 
0 
0 
1 2075
0 
1 2097
0 
0 
0 
0 
0 
0 
0 
0 
0 
0 
0 
1 2597
1 47
0 
0 
0 
0 
1 4925
0 
0 
0 
0 
1 2015
4 297 1624 2522 3274
0 
0 
0 
0 
0 
0 
0 
0 
0 
1 292
0 
1 3753
0 
0 
0 
0 
0 
1 4289
0 
1 5015
0 
0 
0 
0 
1 4074
0 
0 
0 
0 
1 2533
0 
0 
0 
0 
0 
0 
0 
0 
0 
0 
2 626 4130
0 
0 
1 2933
0 
0 
1 5040
0 
0 
0 
0 
0 
0 
1 2740
0 
0 
1 4216
0 
1 4699
0 
0 
0 
0 
0 
0 
0 
0 
0 
1 686
1 1970
0 
0 
1 23
0 
1 2357
0 
1 4277
0 
1 1930
1 4989
1 3265
0 
1 1741
0 
0 
0 
0 
0 
1 4233
0 
0 
0 
0 
0 
0 
0 
0 
0 
1 2074
0 
0 
0 
0 
0 
0 
0 
1 1375
0 
0 
1 1421
0 
0 
0 
0 
0 
0 
0 
0 
0 
2 185 2768
0 
1 2431
0 
0 
0 
0 
0 
0 
0 
0 
0 
0 
0 
1 2649
0 
1 3002
0 
0 
0 
0 
0 
0 
0 
0 
0 
0 
0 
0 
0 
0 
1 5311
0 
0 
0 
0 
0 
1 812
1 3058
0 
0 
0 
0 
1 2578
0 
0 
0 
0 
0 
0 
0 
0 
0 
0 
0 
0 
0 
0 
0 
0 
0 
0 
0 
0 
0 
1 5522
1 4599
1 3034
1 5028
0 
0 
0 
0 
0 
0 
0 
2 583 1610
0 
0 
0 
0 
0 
0 
0 
0 
0 
0 
0 
2 1734 4841
0 
0 
0 
0 
0 
0 
0 
0 
0 
0 
0 
0 
0 
0 
0 
0 
0 
0 
0 
0 
0 
0 
0 
0 
0 
0 
1 2498
0 
0 
0 
0 
0 
0 
0 
0 
0 
0 
0 
0 
0 
1 4974
0 
0 
0 
0 
0 
0 
0 
0 
0 
0 
0 
0 
0 
0 
0 
1 3442
0 
0 
0 
1 5309
0 
1 3488
0 
0 
0 
0 
0 
0 
0 
1 5248
0 
0 
0 
0 
0 
0 
0 
0 
0 
0 
0 
0 
0 
1 4539
0 
0 
0 
0 
0 
0 
0 
0 
0 
0 
2 32 3107
0 
0 
0 
1 2733
0 
0 
1 4085
0 
4 352 1402 3868 5403
0 
0 
0 
0 
0 
1 3655
0 
0 
1 4309
0 
0 
0 
1 3819
1 4667
1 5251
0 
0 
0 
0 
0 
0 
0 
0 
0 
0 
0 
0 
1 2378
0 
0 
0 
1 3004
0 
1 3635
1 2138
1 2290
0 
0 
0 
0 
0 
0 
0 
0 
0 
0 
0 
0 
0 
0 
0 
0 
0 
0 
0 
0 
1 1495
1 3181
1 465
0 
1 5510
1 5009
1 3175
2 2360 5010
0 
0 
1 3703
0 
0 
0 
0 
0 
1 5053
2 2086 3493
0 
0 
1 1186
0 
1 1301
0 
0 
0 
1 3170
0 
1 1256
1 680
0 
0 
0 
0 
0 
0 
0 
1 1641
0 
0 
1 281
1 1276
2 83 851
0 
0 
1 5387
1 2920
0 
2 1885 5547
1 3209
0 
0 
0 
1 4445
1 4983
2 2970 3003
0 
1 1428
0 
0 
0 
0 
0 
0 
0 
0 
0 
0 
0 
1 0
0 
0 
0 
0 
1 2352
0 
1 2100
0 
1 1227
3 3489 4441 4522
0 
1 2577
0 
0 
0 
0 
0 
0 
0 
0 
0 
1 1080
0 
1 1320
0 
0 
0 
0 
0 
0 
0 
0 
0 
0 
0 
0 
0 
0 
1 3754
0 
0 
0 
0 
0 
0 
0 
1 2686
1 4638
0 
0 
0 
1 205
0 
0 
0 
0 
0 
0 
1 472
0 
0 
0 
0 
1 324
0 
0 
0 
0 
0 
0 
1 4653
1 491
0 
0 
0 
0 
0 
0 
0 
1 1173
1 1851
0 
0 
1 1920
0 
0 
0 
0 
0 
0 
1 4177
0 
1 3061
0 
1 7
0 
1 4258
0 
0 
0 
1 344
2 5121 5160
0 
0 
0 
0 
0 
0 
1 1088
0 
2 3131 3633
0 
0 
0 
2 3599 4877
0 
0 
0 
0 
0 
0 
0 
1 999
1 3851
0 
0 
0 
1 2120
0 
0 
0 
0 
1 1044
0 
0 
0 
1 3148
0 
0 
0 
1 2055
0 
0 
0 
1 2889
0 
0 
0 
0 
1 1615
0 
0 
0 
0 
0 
0 
0 
0 
0 
0 
0 
1 2924
0 
0 
0 
0 
0 
0 
1 1259
1 5048
0 
0 
0 
0 
0 
0 
0 
0 
0 
0 
0 
0 
0 
0 
0 
0 
0 
0 
0 
0 
1 4389
0 
0 
0 
0 
0 
0 
0 
0 
0 
0 
0 
0 
0 
0 
0 
0 
0 
0 
0 
0 
1 2670
1 428
0 
0 
0 
0 
0 
0 
0 
0 
0 
0 
0 
0 
0 
0 
0 
0 
0 
0 
0 
0 
0 
0 
0 
0 
0 
0 
0 
0 
0 
0 
0 
0 
0 
0 
0 
0 
0 
0 
0 
1 68
0 
0 
0 
0 
0 
0 
0 
0 
0 
0 
0 
0 
0 
1 1451
1 305
0 
0 
0 
0 
0 
1 891
0 
0 
2 2819 4767
1 2528
0 
1 1431
1 3881
0 
0 
1 5505
1 5459
0 
0 
1 4190
1 493
0 
1 5506
0 
0 
0 
1 445
0 
0 
1 1151
0 
1 4344
1 2743
0 
0 
1 4341
0 
1 1935
1 4206
0 
0 
0 
0 
0 
0 
0 
0 
0 
0 
0 
0 
0 
0 
0 
0 
0 
0 
0 
0 
0 
0 
0 
0 
0 
0 
0 
1 2243
0 
0 
0 
1 3437
0 
2 3295 3578
0 
0 
1 4219
4 449 2454 2767 5185
1 1907
0 
0 
0 
0 
0 
1 5458
0 
0 
0 
0 
0 
1 4081
0 
0 
0 
0 
2 1340 2787
0 
0 
0 
0 
1 4866
1 3031
0 
0 
0 
1 4852
0 
0 
1 1159
0 
0 
0 
0 
0 
0 
1 2155
1 480
0 
0 
1 2013
0 
0 
0 
0 
0 
0 
0 
1 3560
0 
0 
0 
0 
0 
0 
0 
1 5193
0 
0 
0 
1 4433
0 
0 
0 
1 5080
1 4789
1 1246
2 15 2537
1 3304
0 
2 799 4556
0 
0 
0 
0 
0 
1 182
0 
2 2569 2784
0 
0 
0 
1 3758
0 
0 
0 
0 
0 
1 3571
0 
0 
1 3938
0 
0 
0 
0 
1 4467
0 
0 
1 4812
0 
0 
1 174
0 
0 
0 
0 
0 
0 
0 
0 
1 5330
0 
0 
0 
0 
0 
0 
0 
1 5110
1 3007
0 
0 
0 
0 
0 
0 
1 299
1 5339
0 
1 3914
0 
0 
0 
1 3028
1 1536
0 
2 62 1978
0 
1 1611
0 
0 
0 
0 
1 2788
2 2251 4352
0 
0 
0 
0 
0 
0 
0 
0 
0 
0 
0 
0 
1 5146
0 
0 
0 
0 
0 
1 4162
1 936
0 
0 
0 
0 
0 
0 
0 
1 5144
0 
0 
0 
0 
0 
0 
0 
0 
0 
0 
1 2353
0 
0 
2 1867 3815
0 
1 5217
0 
0 
0 
0 
0 
0 
0 
0 
0 
0 
0 
1 2235
0 
0 
0 
1 1608
0 
0 
2 1933 3717
0 
2 932 2413
0 
0 
2 1268 3616
0 
0 
0 
0 
0 
0 
0 
0 
0 
0 
0 
0 
0 
0 
1 2017
0 
0 
1 2559
1 3684
1 4984
0 
0 
0 
0 
0 
1 4654
0 
0 
0 
0 
0 
1 4472
0 
0 
0 
0 
1 4097
0 
0 
0 
0 
0 
0 
0 
1 3326
0 
2 2064 3422
0 
0 
0 
0 
0 
0 
0 
0 
0 
0 
0 
0 
1 1377
0 
1 3269
0 
1 773
0 
0 
0 
0 
0 
0 
0 
1 2761
0 
0 
1 933
0 
0 
1 206
0 
1 92
2 1512 2839
1 5381
0 
1 4007
0 
0 
0 
0 
0 
0 
1 1974
0 
0 
0 
1 1861
0 
0 
0 
0 
0 
0 
0 
0 
0 
0 
0 
0 
0 
0 
0 
0 
0 
1 4465
0 
0 
0 
1 4144
0 
0 
0 
0 
0 
0 
1 3687
1 5512
0 
0 
0 
0 
0 
1 1134
0 
0 
0 
1 5070
0 
0 
2 578 1499
0 
0 
0 
0 
0 
2 125 4182
0 
0 
0 
0 
0 
1 5156
0 
1 4555
0 
0 
0 
0 
0 
0 
0 
0 
0 
1 601
0 
0 
0 
0 
0 
0 
1 2023
0 
0 
0 
1 353
0 
0 
1 4749
0 
0 
0 
0 
0 
0 
0 
0 
0 
0 
0 
0 
1 5502
0 
0 
0 
0 
0 
0 
0 
0 
1 3632
1 1469
1 367
0 
0 
0 
1 910
0 
0 
1 3601
0 
3 728 1456 4802
0 
1 5267
0 
0 
0 
0 
0 
0 
0 
1 1976
0 
0 
0 
0 
0 
0 
0 
0 
0 
0 
0 
0 
0 
0 
0 
0 
0 
0 
1 1828
0 
0 
0 
0 
0 
0 
0 
2 4683 4867
0 
0 
1 268
1 2902
0 
0 
0 
0 
0 
0 
0 
0 
0 
0 
0 
0 
1 1850
0 
0 
0 
0 
2 2384 2437
1 2662
0 
0 
0 
1 5231
0 
0 
0 
0 
1 2980
0 
0 
1 1719
0 
0 
1 3279
0 
0 
3 1840 3384 4506
0 
1 3015
0 
0 
0 
0 
1 1364
0 
0 
0 
0 
0 
0 
0 
1 3677
0 
0 
0 
1 916
0 
0 
0 
0 
1 2992
0 
2 4516 4730
0 
0 
0 
3 702 1321 2289
0 
1 351
0 
1 368
0 
1 1386
0 
0 
0 
0 
0 
2 5084 5104
0 
0 
0 
0 
0 
0 
0 
0 
0 
0 
0 
0 
0 
0 
0 
0 
0 
0 
1 5299
0 
1 4942
0 
0 
0 
1 2359
0 
0 
0 
0 
0 
0 
1 2113
0 
0 
0 
0 
0 
1 5481
0 
0 
0 
0 
0 
0 
0 
0 
0 
0 
1 5029
0 
0 
0 
0 
0 
3 372 954 5108
0 
0 
1 120
0 
0 
0 
0 
0 
0 
0 
0 
0 
0 
0 
0 
0 
0 
1 5243
0 
0 
0 
0 
0 
2 2818 4587
0 
0 
1 5109
0 
0 
0 
0 
0 
1 5376
1 5039
1 5495
2 3029 5075
0 
0 
0 
0 
0 
0 
1 1778
0 
1 937
0 
0 
0 
0 
1 4322
0 
0 
1 4088
0 
0 
0 
0 
1 4175
0 
0 
0 
1 1129
1 2106
0 
1 3171
0 
0 
0 
0 
0 
1 3241
1 1263
0 
3 1703 1939 2270
0 
0 
0 
0 
1 1760
0 
0 
0 
0 
0 
0 
0 
0 
0 
0 
0 
0 
0 
1 1548
0 
1 4572
0 
0 
0 
0 
0 
1 1275
0 
0 
2 1009 4436
1 4298
3 2147 2828 3431
0 
2 2493 4801
0 
0 
0 
0 
0 
0 
0 
0 
0 
1 455
0 
0 
0 
0 
0 
1 1367
0 
1 5511
1 3260
0 
0 
0 
0 
0 
0 
0 
0 
0 
0 
0 
0 
1 5226
0 
1 4083
1 3484
0 
0 
1 1154
0 
0 
0 
0 
1 1670
1 5322
0 
0 
0 
0 
0 
0 
0 
2 424 3069
0 
0 
0 
0 
3 840 3759 3763
0 
1 2795
0 
0 
0 
0 
2 1921 3412
1 1944
0 
0 
0 
0 
0 
0 
1 925
1 1158
0 
0 
0 
0 
1 770
1 4735
0 
0 
0 
1 129
1 2715
0 
0 
1 2789
0 
0 
0 
1 3523
0 
0 
0 
0 
0 
0 
0 
3 651 4245 5050
1 4566
0 
1 5122
0 
0 
1 1079
0 
0 
0 
0 
0 
0 
0 
0 
2 2476 4493
0 
0 
0 
0 
1 2166
0 
1 1432
0 
0 
0 
0 
0 
0 
1 714
0 
0 
0 
0 
1 5215
0 
0 
0 
0 
0 
0 
0 
1 336
0 
0 
0 
0 
0 
1 4268
0 
0 
0 
1 479
0 
0 
1 4828
0 
0 
1 3726
0 
0 
1 5385
1 757
0 
0 
0 
1 3690
0 
1 487
1 4923
0 
0 
1 905
0 
0 
0 
1 1092
0 
1 242
0 
0 
0 
0 
0 
0 
1 19
0 
1 2131
0 
0 
3 3399 3985 4340
0 
0 
2 1783 1934
1 830
0 
1 1454
0 
0 
0 
0 
0 
0 
0 
1 79
0 
0 
1 4401
0 
1 5473
0 
0 
0 
1 3296
0 
0 
0 
0 
0 
0 
1 2302
2 3222 5436
0 
0 
0 
0 
1 1530
0 
2 2430 2769
2 3936 3954
0 
0 
0 
0 
0 
0 
0 
0 
0 
1 2053
0 
0 
0 
2 29 1811
1 1285
1 5136
0 
0 
0 
1 338
0 
0 
0 
0 
0 
0 
0 
0 
0 
0 
0 
0 
1 4748
0 
1 4600
0 
0 
0 
0 
0 
1 4563
1 2273
1 4838
1 829
0 
0 
0 
2 459 1068
0 
0 
0 
0 
0 
0 
0 
0 
3 314 463 5442
0 
0 
0 
0 
1 2261
0 
0 
1 5179
0 
1 4611
1 366
0 
2 987 3237
0 
0 
0 
0 
0 
0 
0 
1 1977
1 5324
0 
0 
0 
2 1795 3850
0 
0 
0 
0 
0 
0 
0 
1 2564
0 
0 
0 
0 
0 
0 
1 1989
0 
1 2927
1 4421
1 3088
0 
0 
0 
0 
0 
0 
1 298
0 
0 
0 
0 
1 3122
0 
0 
2 931 3752
0 
1 2608
0 
0 
1 1358
0 
0 
1 1902
1 4477
0 
0 
0 
0 
1 5203
0 
0 
0 
0 
0 
0 
0 
1 3438
0 
0 
0 
1 3549
1 4559
1 4427
0 
0 
0 
0 
0 
0 
1 349
0 
1 2590
0 
0 
0 
1 3637
0 
1 233
0 
0 
0 
0 
0 
0 
0 
0 
0 
0 
0 
0 
0 
1 3233
0 
0 
0 
1 225
0 
0 
1 2634
1 4966
0 
0 
0 
0 
0 
0 
0 
0 
0 
0 
0 
0 
0 
0 
0 
0 
0 
0 
0 
0 
0 
0 
0 
0 
0 
0 
0 
0 
0 
0 
0 
1 4541
0 
0 
0 
0 
0 
1 5284
0 
1 2581
0 
0 
0 
0 
1 900
0 
0 
0 
0 
0 
0 
0 
1 2090
0 
0 
1 4381
0 
0 
0 
1 3984
1 2989
1 5222
0 
0 
2 1865 4390
0 
0 
0 
0 
0 
0 
0 
0 
0 
0 
0 
0 
0 
0 
1 3666
0 
0 
0 
0 
0 
0 
0 
0 
0 
0 
0 
0 
0 
0 
0 
1 5139
0 
0 
0 
0 
0 
0 
0 
0 
0 
2 238 2346
0 
0 
0 
0 
0 
0 
0 
0 
0 
0 
1 3120
1 2391
0 
0 
0 
0 
1 5087
0 
0 
0 
1 1511
0 
0 
0 
0 
0 
0 
0 
0 
2 4159 4979
0 
1 3041
1 1289
0 
1 2293
0 
1 3292
0 
0 
0 
0 
0 
1 5052
1 435
0 
2 327 1345
0 
3 466 1247 5138
0 
0 
0 
0 
0 
0 
0 
0 
0 
0 
0 
0 
0 
0 
0 
0 
0 
0 
0 
0 
0 
0 
2 3196 4426
0 
0 
1 715
0 
0 
0 
0 
0 
0 
0 
0 
1 818
0 
0 
0 
0 
0 
0 
0 
0 
0 
1 898
0 
0 
0 
0 
0 
0 
0 
0 
0 
0 
0 
0 
0 
1 3588
0 
0 
0 
0 
0 
0 
1 4577
0 
0 
1 2725
0 
0 
1 3378
0 
1 5476
0 
0 
0 
0 
0 
1 2706
1 4485
0 
0 
0 
0 
0 
0 
0 
0 
2 392 2212
0 
0 
1 2831
0 
0 
0 
1 3037
1 454
0 
1 989
0 
0 
0 
0 
1 2759
1 5174
0 
0 
1 4247
0 
0 
1 2540
0 
0 
1 5398
1 2225
0 
0 
1 1196
0 
1 3570
0 
0 
2 951 3083
0 
0 
0 
0 
0 
1 2808
0 
0 
1 5037
0 
0 
1 187
0 
1 4286
0 
0 
1 1620
0 
1 4025
0 
0 
0 
0 
1 2472
0 
1 3962
0 
0 
0 
0 
0 
1 4266
0 
0 
0 
0 
0 
0 
0 
0 
0 
0 
0 
0 
0 
0 
0 
1 2433
0 
0 
0 
0 
0 
1 3128
0 
0 
1 254
0 
1 434
0 
0 
0 
0 
0 
0 
0 
1 2943
0 
0 
0 
0 
0 
0 
1 1915
0 
0 
0 
0 
0 
0 
1 3638
0 
1 1813
0 
0 
0 
0 
0 
1 1506
0 
0 
0 
0 
0 
2 2060 3466
0 
0 
0 
0 
0 
0 
1 805
0 
0 
0 
0 
0 
0 
1 2836
0 
1 4525
0 
1 468
0 
0 
0 
0 
0 
0 
1 823
0 
1 4508
0 
1 527
0 
1 2296
0 
0 
0 
0 
0 
0 
1 2200
0 
0 
0 
0 
0 
1 4317
0 
0 
1 2906
3 2257 2704 3650
2 3248 4274
0 
0 
0 
1 5455
0 
0 
0 
0 
1 3366
0 
0 
0 
0 
0 
0 
0 
0 
0 
0 
0 
0 
1 4064
0 
0 
0 
0 
0 
0 
0 
0 
1 561
0 
1 4125
1 1322
1 53
0 
1 2396
0 
0 
0 
0 
1 5390
0 
0 
0 
0 
0 
0 
0 
0 
1 2922
0 
0 
2 2207 2399
0 
0 
0 
0 
0 
0 
1 1983
0 
0 
0 
0 
0 
0 
0 
0 
0 
0 
0 
0 
0 
0 
0 
0 
1 3519
0 
0 
2 165 275
1 2133
0 
2 2233 3137
0 
0 
1 772
0 
1 2112
0 
2 3996 4655
0 
0 
0 
0 
0 
0 
0 
0 
2 980 1716
0 
0 
0 
0 
0 
0 
1 2956
3 398 1700 4596
0 
0 
0 
0 
0 
0 
0 
0 
0 
0 
2 789 5353
0 
0 
0 
0 
0 
0 
1 2368
1 623
0 
0 
0 
1 371
1 853
0 
0 
0 
0 
0 
0 
1 5377
0 
0 
0 
0 
0 
0 
0 
1 1484
1 3620
0 
0 
0 
0 
1 1524
0 
0 
0 
0 
0 
0 
1 2313
0 
1 5000
0 
0 
0 
0 
1 1640
1 4152
1 590
0 
0 
0 
0 
0 
0 
0 
0 
0 
0 
0 
0 
0 
0 
0 
0 
0 
0 
0 
2 1108 5152
0 
0 
1 219
0 
0 
0 
0 
0 
0 
0 
0 
0 
0 
0 
1 1001
0 
1 5045
0 
0 
0 
1 4409
1 778
0 
0 
1 3803
0 
0 
1 2126
0 
1 5255
0 
0 
1 4586
0 
0 
0 
1 4102
0 
0 
0 
0 
1 1267
1 1346
0 
1 588
0 
0 
0 
0 
1 3740
0 
0 
0 
0 
0 
1 4848
0 
0 
0 
0 
0 
0 
0 
0 
1 186
1 1294
1 1692
1 3719
0 
0 
0 
0 
0 
0 
1 2340
0 
0 
0 
0 
0 
0 
0 
0 
0 
0 
1 2584
1 2659
0 
0 
1 4814
0 
0 
0 
0 
0 
0 
0 
0 
0 
0 
2 2295 3964
0 
0 
1 858
0 
0 
0 
0 
0 
0 
4 2481 2636 3035 4716
0 
0 
0 
0 
0 
0 
1 5425
0 
0 
0 
0 
0 
0 
0 
1 2439
0 
0 
2 677 3764
0 
0 
0 
0 
0 
0 
0 
0 
1 1361
1 628
0 
1 2669
0 
0 
1 1776
0 
0 
0 
2 14 3200
0 
1 3235
0 
0 
0 
0 
0 
0 
0 
0 
0 
1 2187
0 
0 
0 
0 
0 
1 775
0 
0 
0 
1 1503
1 51
1 4229
1 3899
1 2809
0 
0 
0 
0 
0 
0 
1 4308
1 4602
0 
0 
0 
0 
0 
0 
0 
1 1770
0 
0 
0 
0 
0 
0 
0 
0 
1 4982
0 
0 
0 
0 
0 
0 
0 
0 
0 
0 
0 
0 
1 4091
0 
0 
2 1037 1332
1 4934
0 
0 
0 
0 
0 
0 
0 
0 
0 
0 
0 
1 1667
0 
0 
0 
0 
0 
0 
1 359
0 
1 4073
0 
0 
0 
0 
0 
0 
0 
0 
1 1954
0 
1 3108
1 664
0 
0 
0 
0 
2 401 2441
0 
0 
0 
0 
0 
0 
0 
1 5200
0 
0 
0 
2 4198 5276
0 
1 3617
2 74 3863
0 
0 
0 
0 
1 3618
0 
2 1749 2448
1 5091
0 
0 
0 
0 
0 
0 
0 
0 
0 
0 
0 
1 1160
0 
0 
0 
0 
0 
0 
1 437
0 
1 2893
0 
1 535
0 
1 1635
1 1649
0 
0 
0 
1 3762
1 1595
0 
0 
0 
0 
0 
0 
1 1655
1 927
0 
0 
0 
0 
0 
0 
0 
1 5519
0 
0 
0 
0 
0 
0 
1 5025
2 200 2283
0 
0 
0 
0 
0 
2 78 1574
3 1547 3893 3995
1 2821
0 
0 
0 
0 
0 
0 
0 
0 
0 
1 4384
0 
0 
0 
1 4318
1 654
0 
0 
0 
0 
2 2709 4582
0 
0 
2 2345 4248
1 5118
1 2681
0 
0 
0 
0 
0 
1 2551
1 1551
0 
0 
0 
2 302 1107
0 
1 3006
1 2025
0 
1 784
1 2324
1 470
0 
0 
1 4255
3 862 2285 3680
2 3230 3665
1 1632
0 
0 
0 
0 
0 
0 
2 1257 4610
1 3464
0 
0 
0 
0 
1 771
0 
4 1313 1821 2605 4169
1 2214
1 1203
0 
0 
1 2867
0 
1 4690
0 
1 4961
0 
1 1891
0 
1 4111
1 5254
0 
0 
0 
1 2175
0 
0 
0 
0 
0 
3 606 1290 2554
0 
0 
0 
0 
1 3474
0 
1 1922
0 
0 
0 
1 1739
0 
0 
1 169
0 
0 
0 
0 
0 
2 1476 2443
0 
0 
2 1100 3461
1 1991
3 1464 3874 4651
2 1658 2144
0 
0 
0 
2 712 2057
0 
2 4641 4996
1 4815
0 
0 
0 
0 
1 342
1 2188
1 1213
1 1676
2 4509 4900
1 2092
1 4106
0 
1 2802
2 576 3249
0 
0 
3 3261 3358 3388
2 1017 4742
2 3365 4571
1 4589
2 3928 4822
1 2849
0 
1 364
0 
2 488 1025
4 707 1124 3510 3661
0 
0 
0 
0 
0 
0 
1 2742
1 1555
0 
0 
0 
0 
2 5336 5503
0 
0 
0 
0 
0 
0 
0 
0 
0 
0 
0 
0 
1 3173
1 5487
0 
0 
0 
0 
2 761 5396
0 
0 
0 
0 
0 
0 
0 
0 
1 3598
0 
0 
1 3818
0 
0 
1 5197
0 
0 
0 
1 1094
1 4283
0 
0 
2 1923 2180
0 
0 
1 949
0 
1 4971
0 
2 1735 5246
0 
0 
0 
1 49
0 
0 
0 
1 4565
1 3946
0 
1 312
0 
2 2630 5484
1 618
0 
1 1492
1 5166
0 
0 
0 
0 
0 
1 122
0 
0 
1 3491
0 
0 
0 
0 
0 
0 
0 
1 2108
0 
0 
0 
0 
0 
0 
0 
0 
0 
0 
1 473
0 
0 
0 
0 
0 
2 348 5141
0 
0 
0 
2 1601 3860
0 
0 
0 
0 
0 
0 
0 
1 5416
0 
1 4628
0 
0 
0 
0 
0 
0 
0 
2 4127 4629
0 
0 
0 
0 
0 
0 
0 
0 
0 
1 130
1 2727
0 
0 
1 5184
1 1841
0 
0 
0 
0 
2 698 1012
0 
2 820 1199
0 
1 2070
0 
0 
1 4148
0 
0 
0 
0 
0 
1 4468
0 
0 
2 2028 2688
0 
0 
0 
0 
0 
0 
1 4448
0 
0 
0 
0 
0 
0 
0 
0 
0 
0 
0 
0 
0 
1 2041
1 4361
0 
0 
1 4750
1 1642
0 
0 
0 
0 
0 
0 
0 
0 
0 
0 
0 
0 
0 
1 540
0 
0 
0 
1 4367
0 
0 
1 4681
0 
0 
1 2794
0 
0 
0 
0 
1 3398
0 
0 
0 
0 
2 1847 3896
0 
1 1013
0 
1 2390
0 
0 
1 1337
0 
0 
0 
1 3794
0 
0 
0 
0 
0 
4 2030 2095 2614 5466
0 
0 
0 
0 
0 
1 3584
1 871
1 5496
0 
0 
0 
0 
0 
1 1141
0 
0 
0 
0 
0 
1 3203
0 
0 
0 
0 
0 
0 
0 
0 
0 
0 
0 
1 4855
0 
0 
0 
0 
0 
0 
1 5357
0 
1 2738
0 
0 
0 
0 
0 
0 
0 
0 
0 
0 
0 
0 
1 3595
0 
0 
0 
1 2209
0 
1 1731
0 
0 
0 
0 
0 
1 4725
0 
1 1777
0 
0 
0 
0 
1 1587
0 
0 
0 
0 
1 3016
0 
0 
0 
0 
1 1137
2 2118 3931
0 
0 
1 140
0 
0 
0 
0 
0 
0 
0 
0 
0 
0 
1 1027
1 236
0 
0 
0 
0 
0 
1 4109
0 
0 
1 3349
1 897
0 
0 
0 
1 2452
0 
1 634
0 
1 393
0 
0 
0 
0 
0 
1 1790
0 
1 3634
1 4275
1 2895
0 
3 1680 2671 2953
0 
1 3746
0 
0 
0 
0 
0 
0 
0 
0 
0 
0 
2 2487 5043
0 
0 
0 
0 
0 
0 
0 
0 
0 
0 
0 
0 
1 4475
0 
1 3904
0 
1 150
1 4080
0 
0 
0 
0 
0 
0 
1 2265
0 
0 
0 
0 
0 
0 
1 4191
0 
0 
0 
0 
0 
0 
0 
1 4072
1 796
0 
0 
1 4901
1 1050
0 
0 
0 
0 
1 1689
0 
0 
0 
0 
0 
0 
0 
0 
0 
0 
0 
0 
0 
0 
0 
0 
0 
0 
1 1041
0 
0 
0 
0 
0 
0 
0 
0 
0 
1 2753
1 3989
0 
0 
0 
0 
0 
0 
0 
1 2679
0 
0 
1 5093
1 946
0 
0 
1 4068
1 3182
1 389
0 
1 3537
0 
0 
0 
0 
0 
1 502
1 279
0 
0 
0 
0 
2 5272 5394
0 
0 
0 
0 
0 
0 
0 
0 
0 
0 
0 
0 
1 5449
0 
1 1230
0 
1 3063
0 
0 
0 
1 860
0 
0 
0 
0 
0 
0 
0 
0 
0 
0 
0 
0 
0 
0 
0 
0 
2 1117 5195
0 
0 
0 
0 
0 
0 
0 
0 
0 
0 
0 
0 
0 
0 
0 
1 1684
0 
0 
0 
0 
0 
1 4040
0 
0 
0 
0 
0 
0 
0 
0 
0 
1 2957
0 
0 
0 
0 
0 
0 
1 1329
1 243
0 
1 4150
0 
0 
1 2122
0 
0 
0 
0 
0 
0 
0 
0 
0 
0 
0 
0 
0 
0 
0 
0 
0 
0 
0 
1 2400
0 
0 
1 5489
0 
0 
0 
0 
0 
1 3623
0 
1 3348
0 
0 
0 
0 
0 
0 
0 
1 2385
0 
0 
1 2503
0 
1 253
0 
0 
0 
0 
0 
0 
0 
0 
0 
0 
0 
0 
0 
0 
0 
0 
0 
0 
0 
0 
0 
0 
0 
0 
0 
0 
0 
1 748
0 
0 
1 4265
0 
0 
1 3951
1 619
0 
0 
0 
0 
1 421
0 
0 
2 2921 2958
1 2914
0 
1 1894
0 
0 
0 
0 
0 
0 
0 
0 
0 
0 
0 
0 
0 
1 239
1 1139
0 
0 
0 
0 
0 
1 5300
0 
1 3144
0 
0 
0 
0 
0 
0 
0 
0 
0 
0 
0 
0 
1 1957
0 
0 
0 
0 
2 1691 5288
0 
1 2125
0 
0 
0 
0 
0 
0 
0 
0 
0 
0 
0 
0 
0 
0 
0 
0 
0 
0 
1 969
0 
0 
0 
0 
0 
0 
0 
0 
0 
0 
0 
0 
0 
0 
0 
1 3161
1 1525
1 4062
0 
0 
0 
1 2699
0 
0 
0 
0 
0 
1 4882
0 
0 
0 
0 
2 586 2208
0 
0 
0 
0 
0 
0 
0 
0 
1 4858
0 
0 
1 2020
1 611
0 
0 
0 
0 
2 38 4115
0 
0 
0 
1 4507
0 
1 2983
0 
0 
1 4520
0 
1 1951
0 
0 
0 
0 
0 
0 
0 
0 
1 3423
0 
0 
0 
0 
0 
0 
0 
1 4116
1 1069
1 2998
1 3383
0 
12 607 806 1308 1319 1637 2654 2982 3702 3787 4660 4871 5335
0 
0 
0 
0 
0 
0 
1 2149
0 
1 2965
0 
0 
0 
0 
0 
0 
2 5051 5530
0 
0 
1 394
1 5443
1 1994
0 
1 273
0 
0 
0 
0 
1 1965
0 
1 2440
0 
0 
0 
0 
1 2142
0 
0 
2 637 1217
1 1447
0 
0 
1 1631
1 5518
0 
0 
0 
0 
0 
0 
0 
0 
0 
0 
0 
0 
1 145
1 4137
0 
0 
0 
1 1955
0 
0 
0 
0 
0 
0 
1 3380
1 3622
0 
0 
0 
0 
0 
0 
0 
0 
0 
0 
0 
0 
0 
0 
0 
0 
0 
0 
0 
1 5262
0 
0 
0 
0 
0 
0 
0 
0 
0 
0 
0 
0 
0 
0 
1 3679
0 
0 
0 
2 1239 2047
3 947 2947 4902
0 
1 3346
1 4719
0 
0 
1 5447
0 
0 
0 
0 
0 
0 
0 
0 
0 
0 
0 
1 3613
1 5283
0 
0 
0 
0 
0 
0 
0 
0 
0 
1 4988
0 
0 
0 
0 
0 
0 
0 
1 5456
0 
1 1269
0 
0 
1 1901
0 
0 
0 
0 
0 
0 
0 
1 2863
0 
0 
0 
0 
1 538
1 2485
0 
0 
0 
0 
0 
0 
0 
0 
0 
1 5228
0 
0 
0 
0 
0 
0 
0 
0 
0 
0 
1 1441
0 
0 
0 
1 1225
0 
1 4863
0 
0 
0 
0 
0 
0 
0 
0 
0 
0 
0 
0 
0 
0 
1 2714
0 
0 
0 
1 5019
0 
0 
0 
0 
0 
0 
0 
0 
1 2022
0 
0 
1 1002
1 1096
0 
0 
1 1099
0 
0 
0 
0 
0 
0 
0 
0 
0 
0 
0 
0 
0 
1 4545
0 
0 
0 
0 
0 
0 
0 
0 
0 
0 
0 
0 
0 
0 
0 
0 
0 
0 
0 
0 
0 
0 
1 4712
0 
0 
0 
0 
0 
4 266 386 3089 4680
0 
0 
1 4897
0 
0 
0 
0 
1 4658
0 
0 
0 
0 
0 
0 
1 2269
0 
1 4339
0 
0 
0 
2 1877 4649
1 3628
0 
0 
0 
0 
0 
0 
0 
0 
0 
0 
0 
0 
0 
0 
2 620 3282
0 
0 
1 2930
0 
1 2599
1 3501
0 
0 
0 
0 
0 
0 
0 
0 
0 
0 
0 
0 
0 
0 
0 
0 
0 
0 
0 
1 5250
0 
1 4782
1 955
0 
0 
0 
0 
0 
0 
1 3852
0 
0 
1 462
1 3807
1 3136
0 
0 
1 3194
1 4342
0 
0 
2 2274 4329
0 
1 2959
0 
0 
0 
1 1528
0 
0 
0 
1 5308
0 
0 
1 403
1 1220
0 
1 3577
0 
0 
0 
0 
0 
0 
0 
0 
0 
2 334 2555
1 3879
0 
0 
0 
1 4024
0 
0 
0 
0 
2 152 5331
0 
0 
1 1216
0 
0 
0 
0 
0 
1 815
1 5545
0 
1 1434
0 
3 1152 1343 4926
0 
0 
0 
1 3681
0 
0 
0 
1 4042
0 
0 
0 
0 
0 
0 
0 
0 
0 
0 
0 
0 
0 
0 
1 2900
0 
0 
0 
0 
0 
1 2484
0 
0 
0 
1 4439
0 
0 
2 3213 4503
0 
0 
0 
0 
0 
1 2242
0 
0 
0 
1 2456
1 379
1 3287
0 
0 
1 3495
0 
3 3191 3734 3991
1 132
0 
0 
0 
0 
0 
1 2741
1 4028
0 
0 
0 
0 
1 3280
0 
0 
0 
0 
0 
0 
2 1516 1820
0 
0 
0 
1 3359
0 
0 
0 
1 2535
0 
0 
0 
0 
0 
0 
0 
0 
1 1728
1 1565
1 4284
0 
0 
0 
0 
0 
0 
0 
0 
0 
1 3151
0 
0 
0 
1 4002
0 
0 
0 
0 
0 
0 
0 
0 
0 
0 
1 2518
0 
2 1562 4745
0 
0 
0 
1 311
1 3392
0 
0 
1 4780
0 
0 
1 2474
0 
1 1870
0 
0 
0 
0 
1 1444
0 
0 
0 
0 
1 2621
0 
0 
0 
1 4351
0 
0 
0 
0 
1 5429
0 
0 
0 
0 
0 
0 
0 
0 
0 
0 
0 
1 1403
0 
0 
0 
1 4204
0 
0 
1 3559
0 
0 
0 
1 572
0 
0 
0 
0 
0 
1 3343
1 1376
1 2109
0 
0 
1 2111
0 
0 
0 
0 
0 
0 
1 3364
0 
0 
0 
0 
0 
0 
0 
1 3847
0 
0 
1 3109
1 2268
0 
1 2661
0 
0 
0 
0 
0 
0 
0 
0 
0 
0 
0 
0 
0 
1 1972
1 2500
0 
0 
0 
1 4903
0 
0 
0 
0 
0 
0 
0 
1 1334
0 
0 
0 
0 
0 
0 
1 2457
0 
0 
0 
1 3206
0 
0 
0 
0 
0 
0 
0 
0 
0 
0 
1 720
0 
0 
0 
1 5490
0 
0 
0 
0 
1 57
0 
0 
0 
0 
0 
0 
0 
0 
0 
0 
0 
0 
0 
0 
1 3245
0 
0 
1 2191
0 
0 
0 
0 
0 
0 
0 
1 3401
0 
1 4294
0 
0 
0 
0 
0 
0 
1 3143
0 
1 272
0 
0 
0 
0 
0 
1 1458
0 
0 
0 
2 3541 4466
2 1791 3566
1 2971
0 
1 5227
1 1010
0 
0 
0 
1 1237
0 
0 
0 
0 
1 5187
0 
0 
0 
0 
1 3070
0 
1 4358
0 
0 
0 
0 
0 
1 4594
0 
1 5259
0 
2 1212 3526
0 
0 
0 
0 
0 
0 
0 
0 
1 3930
0 
1 5347
0 
0 
0 
0 
0 
0 
2 2205 3968
0 
0 
0 
0 
0 
0 
1 817
0 
1 3828
1 1683
0 
0 
0 
0 
0 
0 
0 
1 4078
1 4895
0 
0 
0 
1 5395
0 
0 
0 
0 
0 
0 
1 3153
0 
1 5027
0 
0 
0 
0 
0 
1 2623
0 
1 2171
0 
0 
1 3862
0 
1 3005
0 
0 
0 
0 
0 
0 
0 
0 
0 
0 
0 
0 
0 
1 3023
2 1823 2756
1 229
0 
0 
1 2428
0 
0 
0 
0 
1 2151
0 
0 
0 
0 
0 
0 
0 
0 
0 
1 4769
0 
0 
0 
0 
0 
0 
0 
0 
0 
0 
0 
0 
0 
0 
0 
0 
0 
0 
0 
0 
1 2049
0 
0 
2 1589 3320
1 976
0 
0 
0 
0 
0 
0 
0 
1 4001
0 
0 
0 
0 
0 
0 
0 
0 
0 
1 4620
0 
0 
0 
0 
0 
0 
0 
0 
0 
0 
0 
0 
0 
0 
0 
1 3786
0 
1 679
1 4333
0 
0 
0 
0 
0 
0 
0 
0 
0 
0 
0 
0 
0 
1 839
0 
1 3420
0 
1 5103
0 
0 
0 
0 
0 
0 
0 
0 
1 1385
1 3057
0 
0 
0 
0 
1 3243
0 
0 
0 
0 
0 
0 
0 
0 
0 
0 
0 
0 
0 
0 
0 
0 
1 1061
1 3908
1 5124
0 
0 
0 
0 
0 
0 
1 3163
0 
0 
0 
0 
0 
0 
1 1543
0 
0 
1 237
0 
0 
0 
0 
0 
1 4537
1 2720
0 
0 
0 
1 2776
0 
0 
0 
0 
0 
0 
1 4668
1 3673
1 3858
1 5036
1 4188
0 
0 
0 
0 
1 3126
1 4285
0 
0 
0 
0 
0 
0 
0 
0 
0 
0 
0 
0 
0 
0 
1 4975
0 
0 
0 
0 
0 
0 
0 
0 
0 
0 
0 
0 
0 
0 
0 
1 4395
0 
0 
0 
0 
1 1701
0 
1 3737
0 
0 
1 3780
0 
0 
0 
0 
0 
0 
1 5038
0 
0 
0 
0 
0 
0 
0 
0 
0 
0 
1 2312
2 981 1953
0 
0 
0 
0 
0 
0 
1 3386
0 
0 
0 
0 
0 
0 
0 
0 
0 
0 
0 
0 
0 
0 
0 
0 
1 4547
1 1509
1 2491
1 990
0 
0 
1 5548
0 
3 2016 4663 4951
0 
0 
0 
0 
0 
0 
1 2350
0 
0 
0 
0 
0 
1 592
1 2237
0 
1 4168
0 
1 919
0 
1 694
0 
0 
0 
1 4122
0 
0 
0 
1 653
0 
0 
0 
1 1808
1 2316
0 
0 
0 
0 
0 
2 3253 4396
1 4618
0 
0 
0 
0 
0 
0 
0 
0 
0 
0 
0 
0 
0 
0 
0 
0 
0 
1 4095
0 
0 
0 
0 
0 
0 
0 
1 2580
0 
0 
0 
0 
1 195
0 
0 
0 
0 
1 2173
0 
1 341
0 
0 
2 3481 4437
0 
0 
0 
4 295 2646 3051 4104
1 4231
0 
1 983
0 
2 2532 2995
1 500
1 2680
0 
0 
0 
1 2259
0 
0 
1 1736
0 
0 
1 1070
1 3693
0 
0 
0 
1 3997
0 
0 
0 
0 
0 
2 632 2651
2 1598 4759
0 
0 
0 
0 
1 4888
0 
0 
0 
0 
0 
0 
1 4685
0 
0 
0 
0 
0 
0 
0 
2 2719 4365
0 
1 2974
0 
1 2014
0 
0 
1 3038
0 
0 
1 3714
0 
0 
0 
0 
0 
0 
1 1762
0 
0 
2 4659 4731
0 
0 
0 
0 
0 
1 408
0 
0 
1 593
0 
0 
0 
0 
0 
1 911
0 
0 
0 
1 2648
0 
2 69 2882
2 4236 5178
0 
0 
0 
0 
0 
0 
0 
0 
0 
0 
0 
1 2393
0 
0 
0 
0 
0 
0 
0 
0 
0 
1 4163
0 
0 
0 
0 
0 
0 
0 
0 
1 2482
0 
0 
0 
0 
2 1919 5023
0 
0 
0 
0 
0 
1 2732
0 
0 
0 
0 
0 
0 
0 
0 
0 
0 
0 
0 
0 
0 
0 
0 
0 
0 
0 
0 
1 894
0 
0 
0 
1 1171
0 
1 376
0 
0 
0 
1 117
0 
0 
1 652
1 12
0 
0 
4 1855 2266 2520 2728
0 
0 
1 1794
0 
0 
1 1240
0 
1 2904
0 
0 
2 2189 3572
0 
0 
0 
0 
0 
0 
1 1344
0 
0 
1 555
0 
1 3446
0 
2 3074 5366
0 
0 
0 
0 
0 
0 
0 
0 
0 
0 
0 
0 
0 
1 3994
1 3810
1 3698
0 
0 
1 4688
0 
0 
0 
1 329
0 
1 4156
0 
0 
1 5361
1 2361
0 
0 
0 
0 
0 
1 4176
0 
0 
0 
0 
0 
1 1787
0 
0 
0 
0 
0 
0 
1 3950
0 
0 
0 
0 
0 
1 5134
0 
0 
0 
0 
0 
0 
0 
5 865 2716 3267 4736 5256
0 
0 
0 
0 
0 
0 
0 
0 
0 
0 
1 3816
0 
0 
0 
0 
0 
0 
0 
1 4484
0 
0 
0 
0 
1 2134
0 
0 
0 
0 
0 
0 
0 
0 
0 
0 
0 
1 1144
0 
0 
0 
0 
0 
0 
0 
0 
0 
0 
0 
0 
0 
0 
0 
0 
0 
0 
1 610
1 33
0 
0 
0 
3 1687 2435 3524
1 498
0 
0 
0 
0 
0 
0 
0 
0 
0 
0 
0 
0 
0 
0 
2 753 1030
1 1613
0 
0 
0 
0 
0 
0 
0 
1 1135
0 
0 
0 
0 
1 1980
0 
1 2505
0 
0 
1 5266
0 
0 
0 
0 
0 
1 3590
0 
0 
0 
0 
0 
1 2176
0 
0 
0 
0 
1 2156
1 3179
0 
0 
0 
0 
0 
0 
0 
1 5004
0 
0 
0 
0 
0 
0 
0 
1 4408
0 
1 3720
1 4203
0 
0 
0 
0 
0 
0 
0 
0 
0 
0 
0 
0 
0 
0 
0 
0 
2 1617 2444
0 
0 
0 
0 
0 
0 
0 
0 
0 
0 
0 
1 3886
0 
0 
0 
0 
0 
0 
0 
0 
0 
1 996
0 
1 4937
0 
0 
0 
0 
0 
1 4462
0 
1 2344
0 
1 4917
0 
0 
1 1084
0 
0 
0 
0 
0 
0 
0 
0 
0 
0 
0 
0 
0 
0 
0 
0 
0 
1 1757
1 4844
0 
0 
0 
0 
0 
0 
0 
0 
0 
0 
0 
0 
0 
0 
0 
0 
0 
0 
0 
0 
2 106 3220
0 
0 
2 685 3103
1 3817
1 2945
1 1039
0 
0 
2 1836 3219
0 
0 
0 
0 
0 
0 
1 381
0 
0 
0 
0 
0 
1 3813
0 
0 
0 
0 
0 
0 
0 
0 
0 
0 
0 
0 
0 
0 
0 
0 
0 
0 
0 
1 2639
0 
0 
0 
0 
2 4263 5150
0 
1 265
1 2077
0 
0 
0 
0 
0 
0 
0 
0 
0 
0 
0 
0 
1 750
2 834 2007
0 
0 
1 131
0 
0 
0 
0 
1 1051
0 
0 
0 
0 
0 
0 
0 
0 
1 4819
0 
0 
0 
0 
0 
0 
0 
0 
0 
2 1996 3363
1 4583
2 3542 3739
0 
0 
1 5212
0 
0 
0 
0 
0 
0 
0 
0 
0 
1 952
0 
0 
0 
0 
0 
1 3299
1 2280
0 
0 
0 
0 
0 
0 
2 843 4915
0 
0 
1 4910
0 
0 
0 
0 
0 
1 4453
0 
0 
0 
0 
0 
0 
0 
0 
0 
0 
0 
0 
0 
0 
0 
0 
0 
0 
0 
0 
0 
0 
0 
0 
0 
0 
0 
0 
1 1338
0 
0 
0 
0 
0 
0 
0 
0 
0 
0 
0 
0 
0 
0 
0 
1 5431
0 
0 
0 
1 357
0 
0 
0 
0 
0 
0 
1 4548
0 
0 
1 201
1 1349
0 
1 1697
0 
0 
0 
0 
1 3741
1 58
0 
0 
0 
0 
0 
0 
1 252
0 
0 
0 
0 
1 3582
0 
0 
0 
0 
0 
0 
1 3020
1 5499
0 
0 
0 
1 3025
1 204
0 
0 
0 
2 642 1419
1 4334
0 
0 
0 
0 
0 
0 
1 1493
2 967 1360
0 
0 
0 
0 
0 
0 
0 
0 
0 
0 
0 
0 
0 
1 4364
0 
1 46
0 
0 
0 
0 
1 4131
0 
0 
0 
0 
0 
0 
0 
0 
0 
0 
0 
0 
0 
0 
0 
0 
1 1112
0 
0 
1 4830
0 
0 
0 
0 
0 
0 
0 
0 
0 
1 5479
1 5279
0 
1 731
1 3457
0 
0 
0 
0 
0 
1 1693
0 
0 
0 
0 
0 
0 
0 
0 
0 
0 
0 
0 
0 
0 
0 
0 
0 
0 
0 
0 
0 
1 3806
0 
0 
0 
0 
0 
0 
0 
0 
1 2094
0 
0 
0 
0 
0 
0 
0 
0 
0 
0 
3 1033 2062 5343
0 
0 
0 
0 
0 
0 
1 3799
0 
0 
0 
0 
1 4346
0 
0 
0 
0 
0 
0 
0 
0 
0 
0 
0 
1 3502
0 
0 
1 4684
0 
0 
0 
0 
0 
0 
0 
0 
0 
0 
0 
0 
0 
0 
0 
0 
0 
1 1352
0 
0 
0 
0 
0 
0 
0 
0 
0 
0 
0 
3 1292 4630 5401
0 
0 
0 
0 
0 
0 
0 
0 
0 
0 
0 
0 
0 
0 
0 
0 
0 
0 
0 
0 
0 
0 
1 4023
0 
0 
0 
0 
1 361
0 
0 
0 
0 
0 
0 
0 
0 
0 
0 
0 
0 
0 
0 
0 
0 
0 
1 345
0 
0 
0 
0 
1 4143
0 
0 
0 
2 2394 4512
0 
2 2196 3937
0 
0 
1 2881
1 3721
0 
0 
0 
0 
0 
0 
0 
0 
0 
0 
2 3146 5297
1 1391
0 
0 
0 
0 
0 
0 
0 
0 
0 
0 
0 
0 
0 
0 
1 4528
0 
0 
1 161
0 
0 
0 
0 
0 
0 
0 
1 4121
0 
0 
2 2838 3477
0 
0 
0 
0 
0 
0 
0 
1 1508
0 
1 2320
0 
1 2309
1 2613
0 
0 
0 
0 
0 
0 
0 
0 
1 5549
0 
0 
0 
1 3080
0 
0 
0 
0 
0 
0 
0 
0 
0 
0 
0 
0 
2 3649 4703
0 
0 
0 
0 
0 
0 
0 
0 
0 
0 
0 
0 
0 
0 
0 
0 
0 
0 
0 
0 
0 
0 
1 278
1 4579
0 
0 
0 
0 
0 
0 
0 
0 
0 
0 
0 
0 
0 
0 
0 
0 
0 
0 
0 
0 
0 
0 
0 
1 2206
0 
0 
0 
0 
0 
0 
0 
0 
0 
0 
0 
0 
0 
1 681
0 
1 5113
0 
1 2874
0 
0 
0 
0 
1 2841
0 
0 
0 
1 5445
0 
1 4936
1 4887
0 
0 
0 
1 3761
0 
0 
0 
0 
0 
1 988
1 2891
0 
0 
0 
0 
0 
0 
0 
0 
0 
0 
0 
0 
0 
0 
0 
1 552
0 
1 3336
0 
0 
1 3307
0 
0 
0 
0 
0 
0 
0 
0 
1 3186
0 
0 
0 
0 
1 2656
0 
0 
0 
0 
0 
0 
0 
1 3227
0 
0 
0 
0 
0 
0 
0 
1 1035
1 300
0 
0 
0 
0 
0 
0 
0 
1 3187
0 
0 
1 1806
1 4803
0 
1 192
0 
0 
1 2848
0 
0 
0 
0 
0 
0 
0 
0 
0 
0 
0 
1 4417
0 
1 1817
