0 
2 551 4931
1 663
1 4315
0 
1 867
0 
0 
0 
0 
1 5388
0 
0 
0 
5 724 812 1425 1705 1874
5 1041 1183 1755 3593 4861
1 5066
6 1260 3072 3382 3682 3887 4079
0 
0 
0 
0 
1 5535
3 24 2260 3728
0 
0 
1 4046
5 2722 3483 3774 3883 4429
3 118 2061 3659
0 
1 3082
0 
1 5003
0 
0 
0 
0 
1 4157
0 
3 388 1769 1903
1 5544
0 
2 1791 4266
0 
0 
1 3259
0 
6 221 1199 2072 4209 4322 4726
2 3948 3958
0 
0 
0 
1 1612
0 
0 
0 
0 
0 
1 892
0 
0 
0 
1 3152
0 
1 224
0 
1 3600
1 2127
0 
0 
0 
0 
0 
1 4307
0 
0 
3 318 3785 4434
0 
0 
0 
1 2815
2 997 2021
0 
0 
0 
1 3054
0 
0 
0 
2 1314 2952
0 
0 
0 
1 4856
1 49
0 
1 2798
0 
1 4280
0 
1 1525
0 
1 1665
0 
0 
0 
1 111
0 
1 2868
0 
0 
0 
0 
0 
0 
0 
0 
0 
0 
1 4461
1 1370
0 
1 311
0 
0 
0 
0 
0 
1 3132
0 
0 
0 
0 
0 
0 
2 3554 5044
1 3125
0 
0 
0 
0 
0 
2 148 2878
0 
0 
0 
1 4458
1 4626
0 
0 
0 
3 1161 1463 3969
0 
0 
0 
1 1218
0 
0 
2 903 3142
0 
0 
0 
1 1790
0 
0 
0 
0 
0 
0 
1 2809
0 
0 
1 2169
0 
1 94
0 
0 
0 
0 
1 1109
2 293 1911
0 
0 
0 
1 5140
0 
0 
0 
0 
0 
0 
0 
0 
0 
0 
0 
0 
1 134
0 
0 
1 1180
0 
0 
0 
0 
2 2614 2725
0 
0 
1 515
0 
0 
1 1990
2 184 287
1 548
0 
0 
2 1114 5314
0 
0 
0 
0 
0 
1 4771
1 3975
0 
0 
5 1267 1570 1771 4552 5112
1 4519
3 2334 3308 4835
1 45
2 2195 3689
0 
1 4817
0 
0 
0 
0 
0 
0 
1 1738
0 
0 
0 
0 
1 4382
1 614
2 2757 3121
3 1057 1289 1780
0 
1 5375
0 
0 
2 2857 4492
0 
1 1253
0 
1 3294
1 3379
1 5420
1 3155
0 
0 
0 
0 
1 4825
0 
0 
2 3017 5342
0 
0 
0 
0 
0 
0 
0 
0 
1 3603
1 411
0 
0 
0 
2 476 2116
0 
2 2056 4991
1 2081
1 767
1 4338
0 
0 
0 
0 
1 1563
0 
1 1470
2 1774 3983
0 
0 
0 
0 
0 
1 1740
0 
1 2513
1 2117
1 1558
0 
0 
2 1303 3587
1 2267
0 
2 1152 2311
1 4976
0 
0 
0 
1 4038
0 
0 
1 1600
0 
1 3729
0 
2 2082 4678
0 
0 
1 4376
0 
0 
1 2207
0 
0 
0 
0 
0 
0 
2 659 4423
0 
0 
0 
0 
0 
0 
0 
0 
0 
0 
0 
0 
0 
0 
0 
0 
1 3448
0 
0 
0 
0 
0 
0 
1 1378
0 
0 
0 
0 
0 
0 
1 3288
0 
1 2291
4 260 1335 2660 3669
0 
1 3452
0 
0 
1 4973
0 
1 1915
0 
1 4756
0 
0 
0 
0 
0 
0 
0 
0 
0 
1 2942
0 
0 
0 
0 
0 
0 
2 3920 4613
1 51
0 
1 4356
0 
1 2068
0 
0 
1 3380
0 
1 2675
0 
0 
1 4099
1 3922
0 
1 1763
0 
0 
0 
0 
1 2109
4 550 2317 2689 4640
2 1358 4364
0 
0 
2 638 762
1 4591
0 
0 
0 
1 3849
3 155 577 913
1 2028
1 3999
2 3166 3432
0 
0 
0 
2 1342 4165
0 
2 1211 5329
0 
0 
0 
0 
0 
0 
2 4999 5274
0 
2 1974 5197
1 77
2 91 3821
0 
1 1548
3 1516 2781 5092
0 
1 4145
2 2692 4841
1 1364
0 
0 
0 
0 
0 
0 
0 
0 
1 813
0 
0 
0 
1 5005
1 4619
0 
0 
0 
0 
0 
0 
1 2880
0 
3 536 3716 4645
0 
2 3880 4997
0 
0 
1 4452
6 863 2566 2939 4244 4661 5391
5 802 1120 2229 2460 4978
1 3134
0 
1 3313
1 1703
2 3402 5230
1 5203
1 962
0 
0 
0 
1 4998
0 
0 
1 5034
0 
0 
0 
0 
0 
0 
1 413
0 
0 
1 3708
1 1268
0 
0 
0 
0 
0 
0 
1 3784
0 
1 1353
0 
3 217 3289 3826
1 4727
0 
0 
0 
1 1934
0 
0 
2 1363 2569
0 
1 4437
0 
0 
0 
0 
0 
0 
0 
0 
0 
0 
0 
0 
1 3482
0 
1 4090
1 3400
0 
0 
3 1764 4137 4623
0 
0 
0 
0 
0 
0 
0 
0 
0 
0 
0 
0 
0 
0 
1 1351
0 
0 
2 1830 2931
1 1932
0 
2 3688 3853
2 4241 4986
0 
0 
0 
0 
0 
0 
0 
0 
0 
1 451
0 
0 
1 105
0 
0 
2 1566 2555
1 2290
0 
0 
0 
0 
1 149
0 
0 
1 5198
0 
2 346 2339
0 
0 
0 
0 
0 
0 
1 5251
0 
0 
0 
0 
0 
0 
0 
0 
0 
6 987 1075 1783 2562 4728 5411
0 
2 2648 4859
0 
0 
0 
0 
1 3568
0 
0 
0 
0 
0 
5 2495 3967 4823 5028 5475
0 
0 
1 4435
0 
1 5518
0 
1 5298
0 
0 
3 1133 4221 4256
2 773 4268
0 
0 
0 
0 
0 
0 
0 
2 171 5402
2 226 3866
0 
0 
0 
0 
0 
0 
4 310 2356 3576 3987
0 
1 2303
0 
0 
0 
0 
0 
0 
0 
0 
3 546 1134 4767
0 
1 3993
0 
3 280 917 2060
0 
2 817 1730
0 
0 
0 
0 
1 3447
1 5317
2 1750 4929
1 2516
0 
0 
0 
1 2927
0 
0 
0 
0 
0 
0 
0 
1 926
0 
0 
0 
0 
0 
0 
0 
0 
0 
0 
0 
1 3775
1 138
0 
1 2923
0 
2 942 1273
1 3295
1 2565
0 
1 2096
1 3904
2 1747 3530
3 799 3561 4323
0 
0 
0 
0 
0 
1 3503
1 4410
1 1985
0 
0 
0 
0 
0 
0 
0 
0 
0 
0 
1 4388
0 
0 
0 
0 
0 
0 
0 
0 
0 
0 
5 141 588 800 2964 3411
0 
0 
0 
0 
1 2963
0 
0 
0 
4 1058 1122 1328 5074
1 1266
0 
1 1063
0 
2 2434 3442
0 
1 351
0 
0 
0 
0 
2 1953 4264
0 
0 
0 
0 
2 5246 5509
0 
0 
2 560 1531
1 3
1 2134
0 
0 
0 
0 
0 
0 
0 
1 190
0 
0 
0 
2 1507 4795
1 4543
2 406 1947
0 
0 
0 
0 
0 
1 1357
1 2886
1 3839
0 
1 1123
0 
0 
0 
0 
0 
1 900
1 3869
1 448
0 
0 
1 2957
1 3421
5 427 2089 3007 4299 5412
1 1634
0 
1 4755
0 
1 5180
0 
2 193 2627
0 
0 
0 
1 683
0 
1 842
3 59 2655 3536
0 
1 3393
0 
1 3926
0 
2 3012 3184
0 
0 
0 
2 4343 4406
0 
0 
1 3129
0 
1 1660
0 
3 589 1799 4629
0 
1 2407
0 
2 163 5022
0 
1 2996
1 547
0 
0 
0 
0 
1 2295
0 
1 581
1 139
1 2610
0 
1 3036
0 
1 1252
0 
0 
1 2525
1 5076
0 
3 2212 2366 5525
0 
0 
0 
0 
0 
0 
0 
0 
0 
0 
1 3071
1 5316
2 70 4381
0 
0 
2 1898 4380
9 868 888 1264 1400 1544 1872 4569 4993 5358
2 534 875
0 
1 1695
1 4723
0 
0 
0 
1 1819
0 
0 
0 
0 
0 
0 
0 
1 2837
2 504 4073
0 
0 
1 3324
0 
0 
1 5237
0 
1 2519
0 
0 
0 
6 2051 3267 3781 3894 4006 4481
1 3040
0 
2 1248 3457
2 5133 5186
0 
0 
0 
0 
2 3546 4069
1 1889
1 273
2 4254 5026
1 1745
0 
0 
0 
0 
2 2585 3937
1 172
1 267
0 
0 
0 
0 
1 4206
0 
0 
0 
0 
0 
2 2400 5049
0 
0 
0 
0 
1 3479
1 457
0 
2 2511 3730
1 3965
0 
0 
0 
0 
0 
0 
0 
0 
1 700
0 
0 
1 4385
0 
1 743
2 824 4608
1 998
0 
0 
0 
1 3004
0 
0 
1 3602
1 4630
0 
0 
0 
1 916
0 
1 3226
1 3671
2 2315 3456
0 
0 
0 
0 
1 573
1 2146
0 
1 3119
1 1479
1 5521
0 
0 
2 4624 5224
0 
0 
3 1521 4514 5261
0 
0 
0 
1 3723
0 
1 4941
1 4806
1 1618
1 3864
2 1982 4797
0 
0 
0 
1 4426
1 4662
1 5037
0 
0 
2 175 5077
0 
0 
1 3968
1 109
1 1462
0 
0 
1 3197
0 
0 
1 1959
0 
0 
1 2703
0 
0 
0 
0 
0 
0 
1 4083
0 
2 108 564
0 
1 4489
0 
0 
1 5101
2 3185 5365
0 
1 2907
0 
0 
0 
0 
0 
1 2162
1 3854
1 668
0 
0 
0 
0 
0 
0 
0 
0 
1 670
0 
0 
0 
0 
0 
1 4936
0 
1 1689
0 
3 1003 3815 5107
0 
0 
0 
0 
0 
0 
0 
7 575 1879 2247 3565 4957 5192 5461
1 3691
0 
1 740
0 
2 3909 5170
0 
0 
0 
0 
0 
1 3021
0 
1 5428
4 1408 2364 3485 3742
0 
0 
1 811
1 1514
0 
0 
0 
1 1501
3 2065 3974 4987
0 
2 1298 1593
1 3743
1 1537
1 5438
0 
0 
0 
1 4325
0 
1 2337
0 
0 
1 4399
0 
1 2806
0 
0 
0 
1 3678
0 
1 1789
0 
1 3655
0 
0 
1 5189
4 2405 3011 4431 5415
0 
1 1785
0 
1 2603
0 
1 640
0 
1 93
0 
0 
1 1406
0 
0 
0 
0 
0 
1 2174
0 
0 
1 827
1 2909
0 
1 5396
0 
1 467
0 
0 
0 
0 
0 
0 
0 
0 
0 
1 2105
2 203 335
0 
1 259
2 2198 4015
4 2154 2379 2633 4597
1 1229
1 1103
1 666
0 
1 1664
1 2615
0 
1 3840
1 3272
2 1524 4733
6 688 752 1711 2859 5065 5257
0 
2 1473 5506
2 189 4792
2 264 2408
0 
0 
2 1794 5488
5 957 1234 1577 2762 3045
0 
0 
7 1047 1143 1281 1622 1707 2797 3520
1 423
1 3254
1 5538
0 
1 2581
0 
0 
1 5437
1 4617
2 1923 3727
0 
1 3767
0 
0 
0 
2 1784 1909
1 1837
1 1829
1 4300
0 
1 1036
0 
0 
1 3551
1 4820
0 
2 4373 5068
1 1639
0 
0 
1 4505
0 
0 
2 2009 4849
0 
0 
3 714 949 4679
0 
1 191
1 4847
0 
1 4454
4 506 2353 4305 4711
1 4142
1 5325
0 
0 
0 
0 
0 
2 595 1925
0 
0 
0 
0 
4 717 2537 2571 3506
0 
1 3873
1 5296
0 
0 
0 
0 
0 
0 
0 
0 
0 
1 2548
0 
0 
0 
1 5453
2 526 4831
0 
0 
2 4379 4425
0 
1 326
1 4375
0 
0 
1 3340
0 
0 
0 
0 
0 
0 
0 
0 
0 
1 4709
0 
0 
0 
0 
0 
0 
0 
0 
0 
0 
0 
0 
0 
0 
0 
0 
2 1987 4101
1 1265
0 
1 4636
0 
1 491
0 
0 
0 
1 2747
1 4932
2 435 528
0 
0 
0 
0 
0 
0 
0 
0 
1 4428
0 
0 
1 4808
0 
0 
1 2122
0 
1 1638
0 
0 
0 
1 1255
0 
1 344
0 
0 
3 927 2033 2897
1 1207
1 2842
3 793 4397 5533
0 
1 3668
0 
1 4411
0 
0 
1 1019
1 4415
0 
0 
0 
2 1812 2263
1 4833
0 
0 
1 4433
0 
0 
1 3500
0 
0 
0 
0 
0 
1 2879
0 
0 
1 284
0 
1 4314
0 
0 
0 
0 
0 
1 2553
0 
0 
0 
1 4405
0 
3 1449 2362 2985
0 
0 
1 3662
0 
0 
1 1372
1 459
2 1472 4123
0 
0 
0 
0 
3 1623 3473 5513
0 
0 
1 741
0 
0 
1 874
1 283
1 3521
0 
0 
1 5539
0 
0 
0 
0 
0 
0 
0 
0 
0 
0 
0 
0 
0 
0 
0 
0 
0 
2 2584 5154
0 
1 4909
3 798 2158 3848
0 
1 2471
1 5367
1 938
0 
0 
2 2885 3192
0 
1 41
0 
0 
0 
1 2824
1 3594
0 
1 2756
0 
0 
1 1178
0 
0 
1 2589
1 2591
1 910
0 
1 4536
0 
0 
1 5067
0 
0 
0 
0 
0 
0 
2 4107 4438
0 
1 88
2 5403 5439
2 1477 2340
1 4960
1 4772
1 1021
1 5452
0 
0 
0 
1 5244
0 
1 4757
3 1653 3857 5392
1 2657
0 
0 
0 
0 
1 5131
0 
0 
1 5040
1 4098
0 
0 
0 
0 
0 
0 
2 673 3793
0 
0 
0 
0 
1 5338
0 
0 
0 
1 2568
1 2858
0 
1 4282
1 3578
0 
0 
0 
0 
1 4358
1 3016
0 
2 1368 1677
0 
0 
0 
0 
0 
0 
0 
1 1988
1 3360
0 
0 
0 
0 
0 
0 
0 
0 
0 
0 
0 
1 4089
0 
1 1993
0 
1 1503
0 
0 
1 727
0 
0 
0 
0 
3 1724 3074 5193
0 
0 
1 729
1 2215
0 
2 1205 1561
0 
2 2906 3217
1 4918
1 2125
0 
0 
0 
0 
0 
0 
1 2435
0 
0 
1 2370
0 
0 
1 2595
0 
0 
0 
0 
2 1002 4572
0 
0 
0 
1 901
1 5207
1 993
0 
0 
0 
0 
0 
0 
0 
1 3002
0 
0 
0 
1 1877
0 
0 
1 5020
0 
1 1647
0 
0 
1 47
0 
0 
0 
0 
0 
0 
0 
0 
0 
2 3039 3515
0 
0 
1 2259
0 
2 4049 5232
0 
0 
0 
0 
0 
1 648
0 
0 
1 2898
0 
0 
0 
0 
0 
0 
0 
0 
0 
0 
0 
1 5139
0 
0 
0 
0 
0 
1 75
0 
0 
0 
0 
0 
0 
1 3823
0 
1 1132
0 
1 738
0 
0 
0 
3 1726 3803 4477
0 
0 
0 
1 3310
0 
0 
0 
1 1545
0 
0 
0 
0 
0 
0 
0 
0 
1 3463
0 
0 
1 3325
0 
0 
0 
0 
0 
1 819
1 2534
0 
0 
0 
1 2296
0 
2 2803 4550
0 
0 
0 
0 
0 
3 2734 3892 5053
0 
0 
1 444
0 
0 
1 4570
0 
1 4705
0 
1 231
1 1497
1 1788
2 2349 4030
0 
0 
1 4220
2 1880 4637
1 4883
0 
0 
0 
0 
0 
1 1184
1 1836
0 
1 3347
0 
0 
0 
0 
1 4671
0 
0 
1 2002
0 
0 
0 
0 
0 
0 
0 
1 2255
0 
0 
0 
0 
0 
1 2564
1 3765
1 756
1 4700
1 4057
1 2745
0 
0 
0 
1 879
0 
3 248 4485 4947
0 
1 3351
1 1865
1 2008
0 
0 
0 
1 3788
0 
0 
0 
0 
2 4235 5009
0 
2 1748 2184
0 
0 
0 
0 
0 
1 2155
0 
1 1893
2 3984 4967
0 
1 4546
1 1208
0 
0 
0 
0 
0 
0 
0 
0 
1 309
0 
0 
0 
0 
0 
1 600
0 
0 
0 
0 
0 
0 
1 2579
3 676 4603 4935
0 
0 
1 87
0 
0 
0 
0 
0 
2 2618 5505
0 
0 
0 
0 
0 
1 1262
0 
0 
0 
0 
1 4181
1 4914
0 
0 
2 1072 4100
0 
0 
0 
0 
0 
0 
0 
0 
0 
0 
0 
1 4972
0 
0 
1 4983
2 1167 5295
0 
0 
0 
1 5540
1 1936
3 2640 3370 5294
0 
0 
0 
0 
1 4729
0 
0 
2 119 4265
0 
1 1482
0 
0 
0 
0 
0 
0 
0 
1 4688
0 
1 4293
0 
0 
2 1467 4113
0 
0 
0 
0 
0 
1 3025
1 4689
0 
0 
0 
0 
3 63 2639 4526
0 
0 
0 
0 
1 1309
0 
0 
0 
0 
1 1045
0 
2 1610 4443
0 
0 
0 
3 1278 1968 2649
0 
1 2034
0 
0 
0 
0 
1 4955
1 3337
5 739 1423 3319 4383 5470
2 873 5234
1 760
2 674 2425
0 
1 1957
2 2048 3539
0 
0 
2 366 2690
0 
1 4149
1 158
0 
0 
1 1487
2 961 5370
0 
0 
0 
0 
0 
0 
0 
1 2252
0 
0 
2 1786 3907
0 
0 
0 
0 
0 
0 
1 3553
1 4132
1 2468
0 
0 
0 
0 
1 4622
0 
1 2358
0 
0 
1 1816
0 
1 2262
0 
1 4362
0 
1 5389
0 
1 1414
1 4066
1 2
0 
0 
3 801 4154 4515
0 
0 
0 
0 
1 4027
2 2417 3342
0 
0 
2 1604 1650
0 
0 
0 
3 229 706 4609
1 1515
0 
0 
0 
0 
0 
1 5132
1 4805
1 2416
0 
0 
0 
1 3519
0 
0 
0 
1 776
2 2833 4327
0 
1 5110
1 5310
0 
0 
0 
0 
0 
1 708
0 
0 
0 
0 
1 363
0 
0 
0 
0 
0 
1 2526
0 
1 2375
2 1586 2119
0 
0 
1 1256
0 
0 
0 
0 
0 
0 
0 
1 1534
0 
1 2843
0 
1 5387
0 
0 
2 520 1157
0 
0 
0 
0 
0 
0 
0 
0 
0 
0 
0 
0 
1 1259
0 
0 
1 2213
1 1251
0 
1 4197
1 4697
0 
1 1549
0 
0 
0 
0 
0 
2 2190 2504
0 
1 4063
0 
0 
0 
0 
1 4796
1 3834
1 591
0 
0 
0 
0 
1 2829
0 
2 3014 3216
0 
0 
0 
0 
1 5033
0 
1 621
2 4134 4753
0 
0 
2 2818 5372
1 4604
1 603
0 
1 4193
0 
0 
1 1110
0 
0 
1 4625
0 
0 
0 
0 
0 
0 
0 
1 1807
0 
0 
1 1905
1 4698
1 2234
0 
0 
1 1416
0 
0 
1 764
0 
0 
3 941 3939 4316
1 3579
0 
0 
0 
0 
0 
0 
0 
0 
1 2418
0 
1 5413
1 1458
0 
0 
0 
0 
4 76 501 2399 4724
1 4159
1 3607
1 2333
1 1381
0 
0 
1 5204
0 
0 
1 4120
0 
0 
0 
2 3545 4907
0 
1 2150
0 
0 
1 1942
2 2403 2439
0 
2 1008 5096
0 
0 
0 
0 
0 
1 1296
0 
1 4117
0 
1 2462
1 3518
0 
0 
0 
1 3354
0 
0 
1 3712
1 3073
0 
0 
3 807 826 2409
0 
0 
2 1226 5424
1 2832
0 
0 
0 
6 48 197 1645 2178 2518 3694
2 2678 5278
0 
0 
0 
1 2901
0 
1 2160
2 486 3842
2 1276 1688
1 3492
2 125 986
0 
0 
1 3664
2 3917 4187
0 
1 3426
0 
2 1529 2685
2 34 1331
1 1323
0 
0 
6 137 223 531 1532 2512 2619
0 
0 
0 
0 
1 1138
2 367 1029
0 
0 
0 
1 1729
0 
1 180
1 4468
1 3256
1 2451
0 
0 
0 
0 
0 
2 3001 5238
0 
1 544
1 2647
0 
0 
1 4178
0 
1 3824
0 
0 
0 
1 4118
0 
0 
0 
0 
1 1809
0 
0 
1 1979
0 
0 
1 4535
0 
0 
0 
0 
1 3032
2 2517 5517
1 1881
1 2736
0 
0 
0 
0 
1 3455
1 2542
1 170
0 
1 1274
1 3381
2 1249 4919
1 1679
0 
3 162 3925 4560
0 
1 4891
0 
1 316
0 
0 
0 
0 
0 
0 
0 
0 
0 
0 
0 
0 
1 768
0 
1 249
0 
0 
0 
0 
0 
0 
0 
0 
0 
0 
1 2541
0 
0 
0 
0 
0 
0 
1 2940
0 
1 643
2 56 3193
0 
0 
0 
4 347 1148 2816 3387
1 1682
0 
1 66
0 
0 
3 2199 2449 3156
0 
1 5516
1 4368
0 
0 
0 
1 3550
2 3736 4735
2 735 4031
0 
0 
0 
2 651 850
0 
0 
0 
0 
0 
1 2864
0 
0 
1 4427
0 
0 
0 
0 
0 
0 
0 
0 
0 
0 
3 40 3181 4980
2 1401 3244
0 
0 
1 966
0 
0 
0 
2 71 5355
0 
0 
0 
1 3980
0 
0 
1 2966
0 
0 
1 529
0 
0 
0 
3 332 3269 4718
0 
0 
0 
1 878
0 
0 
0 
0 
0 
0 
1 5409
1 4747
1 2010
0 
0 
0 
0 
0 
0 
1 855
0 
1 3543
3 102 3841 3882
0 
0 
0 
0 
0 
0 
0 
0 
0 
0 
3 818 1362 5165
1 2036
0 
1 65
1 2005
0 
0 
4 11 325 1486 1539
0 
0 
0 
1 4062
0 
0 
1 1018
0 
0 
1 2937
0 
1 18
0 
0 
0 
2 2299 4760
1 856
2 1849 1928
0 
0 
0 
0 
1 2386
1 509
0 
1 3176
1 478
1 3104
0 
1 1176
0 
0 
2 637 4110
0 
1 958
0 
3 327 438 3057
0 
1 2841
0 
0 
0 
1 4036
1 477
1 307
0 
0 
1 3436
0 
0 
1 3930
0 
0 
0 
1 258
0 
1 3263
0 
0 
0 
0 
1 3413
1 2042
0 
0 
0 
0 
1 1727
0 
0 
0 
1 2163
0 
0 
1 2632
1 3715
0 
1 1158
0 
0 
0 
0 
1 164
0 
1 1055
0 
0 
0 
0 
0 
0 
1 4779
0 
1 5472
0 
0 
3 422 1651 1867
0 
0 
1 3318
0 
0 
0 
0 
0 
2 3000 4152
0 
0 
0 
0 
1 4311
0 
1 3574
0 
0 
1 152
0 
0 
0 
0 
0 
0 
0 
0 
1 3822
2 1684 3635
0 
0 
0 
1 3307
3 1484 3167 4222
0 
1 1742
0 
1 3273
1 2323
3 4482 4568 5176
0 
0 
2 1567 5123
3 1627 3214 4303
1 4953
1 3169
3 1910 2999 5362
1 4374
0 
1 4345
0 
0 
0 
0 
1 678
1 2628
0 
0 
0 
1 29
0 
1 754
1 2830
0 
0 
0 
0 
0 
0 
1 3276
0 
0 
0 
1 179
0 
0 
0 
2 1127 4752
0 
1 2573
2 1206 2926
0 
0 
2 2929 4924
0 
1 3770
1 390
0 
0 
0 
1 1397
0 
0 
0 
0 
0 
0 
0 
0 
0 
1 4585
1 2112
0 
2 2288 4541
0 
0 
1 3066
1 4234
0 
1 3835
0 
0 
1 964
0 
0 
0 
1 4093
0 
1 5304
0 
0 
0 
0 
0 
0 
2 1571 5218
0 
1 3333
1 3548
1 832
0 
0 
0 
1 1283
0 
0 
1 4901
0 
0 
0 
1 5161
2 611 4215
0 
0 
0 
0 
0 
0 
0 
0 
0 
1 3160
0 
0 
0 
0 
0 
0 
0 
1 54
1 2164
0 
3 313 579 1277
0 
0 
1 3731
1 1663
2 665 1179
0 
1 5039
0 
0 
0 
1 1973
0 
1 2019
0 
0 
0 
0 
0 
1 5529
0 
0 
1 2667
1 5427
1 4230
0 
0 
0 
0 
0 
2 2000 4580
0 
0 
0 
0 
1 4673
0 
0 
1 2607
0 
0 
0 
0 
1 3373
0 
0 
0 
1 433
0 
0 
1 482
0 
0 
2 3735 4324
1 2563
2 3653 5511
3 2765 3472 3569
0 
2 331 970
0 
0 
0 
1 1935
0 
0 
0 
1 1832
1 1843
0 
1 2887
0 
0 
2 436 2114
1 157
0 
1 3641
3 386 616 2080
1 569
1 4634
1 4304
0 
0 
0 
0 
1 3077
0 
0 
0 
0 
0 
0 
3 1796 5062 5213
0 
0 
0 
0 
1 2017
0 
0 
0 
0 
0 
0 
0 
0 
1 3605
0 
0 
0 
0 
0 
0 
1 996
2 1073 4666
2 437 894
0 
0 
0 
0 
0 
1 1986
0 
0 
0 
0 
0 
0 
0 
1 5327
0 
0 
0 
1 4174
0 
0 
1 1437
0 
0 
0 
2 2102 4243
1 3885
0 
0 
0 
0 
0 
0 
0 
0 
0 
0 
0 
1 4962
1 2222
0 
1 489
0 
0 
0 
0 
3 519 5315 5495
0 
0 
0 
0 
0 
1 1723
0 
0 
0 
0 
1 3430
1 1720
1 1365
0 
0 
2 279 308
1 2137
0 
1 2750
0 
2 2844 5013
1 4916
1 1392
1 2970
1 2071
1 524
0 
0 
0 
1 13
0 
0 
1 1887
1 1765
0 
0 
0 
0 
0 
0 
0 
1 4860
0 
2 1333 1698
0 
1 3346
0 
1 2608
1 5462
1 183
1 1513
0 
1 2976
0 
0 
1 2989
0 
0 
0 
1 5083
0 
0 
0 
0 
0 
0 
0 
0 
1 2436
0 
0 
2 1499 3027
0 
0 
0 
3 882 1399 3811
0 
0 
1 857
0 
0 
0 
0 
0 
0 
0 
0 
1 3832
0 
0 
1 1550
1 5265
1 4029
0 
0 
1 2746
1 3597
0 
1 5302
0 
2 2535 5146
0 
0 
0 
1 750
0 
1 4639
1 1000
0 
1 1751
0 
0 
3 3183 3364 3514
0 
0 
1 3116
1 1554
0 
0 
0 
0 
1 5378
2 487 5337
0 
1 3303
0 
0 
0 
0 
1 3097
1 3234
0 
0 
1 5064
0 
0 
0 
1 1500
1 5143
0 
0 
0 
0 
3 749 1440 2226
0 
1 3986
0 
0 
1 4442
1 4017
0 
0 
1 557
0 
0 
1 4281
0 
0 
0 
0 
2 2574 4793
2 1355 1766
0 
1 1902
0 
0 
1 866
0 
0 
0 
0 
1 3275
0 
0 
1 2389
0 
0 
1 4210
2 922 2785
0 
0 
1 1244
0 
0 
0 
0 
0 
0 
0 
1 2438
0 
0 
0 
1 2264
1 4043
0 
0 
0 
1 2145
0 
0 
0 
1 4026
0 
0 
0 
1 904
0 
0 
0 
0 
0 
0 
1 3232
1 5360
0 
1 1142
0 
1 1095
1 4576
0 
0 
0 
5 1285 1311 3429 3552 4642
1 3504
0 
0 
2 4970 5221
0 
0 
1 5225
0 
0 
0 
0 
1 1804
0 
0 
0 
0 
2 123 2494
0 
1 3042
0 
0 
0 
0 
2 2698 5546
1 3794
0 
0 
0 
0 
0 
1 1052
0 
1 160
2 680 5406
0 
1 4212
1 4968
0 
0 
2 2915 4587
0 
1 410
0 
0 
0 
0 
0 
0 
0 
0 
0 
0 
0 
3 2695 2888 3532
0 
1 1429
0 
1 1757
0 
0 
0 
0 
0 
2 3487 5523
0 
1 4643
0 
0 
1 1453
0 
0 
0 
0 
0 
0 
1 2120
1 2506
0 
2 2382 4272
1 2390
0 
0 
1 5098
0 
0 
0 
0 
1 384
1 5312
0 
1 2477
1 574
0 
0 
0 
0 
0 
1 5012
0 
0 
0 
0 
0 
0 
0 
0 
0 
0 
0 
1 5514
0 
0 
2 1505 3876
0 
0 
2 2801 5259
0 
0 
0 
1 4744
0 
2 358 3648
0 
1 1046
1 2743
0 
0 
0 
0 
1 4843
0 
0 
0 
0 
0 
1 84
0 
1 1626
0 
1 3371
0 
0 
1 1579
1 1356
1 2136
0 
0 
3 3615 4231 5331
0 
0 
1 4516
0 
0 
0 
0 
0 
0 
0 
1 4240
0 
0 
0 
0 
1 861
0 
0 
1 4774
1 3915
0 
0 
0 
0 
1 1146
0 
0 
0 
0 
0 
2 4337 5410
1 684
0 
0 
0 
0 
0 
2 1468 5085
0 
0 
0 
0 
0 
0 
0 
0 
0 
1 2395
0 
2 2058 3188
2 661 2240
0 
1 4014
0 
1 2529
1 4416
0 
0 
1 1159
0 
0 
0 
0 
0 
0 
0 
0 
0 
1 838
0 
0 
0 
0 
0 
2 1393 1578
0 
1 4799
1 1064
1 2958
1 4414
0 
0 
0 
0 
0 
0 
0 
0 
1 3162
0 
2 1433 3870
0 
0 
0 
0 
0 
0 
0 
2 971 4720
0 
0 
0 
1 3966
0 
0 
0 
0 
1 240
0 
1 4839
0 
1 4108
0 
1 1380
0 
0 
0 
1 4915
0 
0 
0 
0 
1 2220
0 
0 
0 
0 
0 
1 774
1 835
0 
0 
0 
0 
0 
0 
0 
0 
1 757
0 
1 5520
1 1842
0 
0 
0 
0 
2 104 5281
1 1717
1 5156
1 946
1 4699
1 1427
0 
0 
0 
0 
1 1594
0 
0 
0 
0 
1 1085
1 4302
1 3675
3 1153 2754 3544
0 
0 
0 
0 
1 3458
0 
0 
0 
1 4444
0 
1 2601
0 
0 
0 
0 
0 
0 
0 
0 
1 3795
0 
0 
0 
0 
1 3041
1 100
0 
0 
0 
0 
1 3168
0 
1 3008
0 
0 
2 230 2411
0 
0 
0 
2 2938 4952
1 1556
0 
0 
0 
0 
1 1678
0 
0 
0 
0 
0 
0 
0 
0 
0 
0 
1 4554
0 
1 37
0 
1 1457
0 
0 
0 
0 
0 
2 1710 3404
0 
3 697 1886 3157
0 
0 
0 
0 
1 4003
0 
1 3606
0 
0 
0 
0 
2 899 1315
1 1166
0 
0 
0 
2 1403 4524
0 
0 
0 
0 
0 
0 
1 2812
0 
0 
1 5001
1 1238
0 
0 
0 
0 
0 
1 3523
0 
2 2674 2713
0 
0 
0 
0 
1 1975
0 
1 3865
1 960
0 
0 
0 
0 
0 
0 
0 
0 
1 4056
0 
0 
0 
0 
0 
0 
0 
0 
0 
1 1105
0 
0 
0 
0 
0 
0 
0 
0 
1 4239
0 
1 5319
0 
0 
0 
0 
0 
0 
0 
0 
1 2157
0 
1 1228
0 
1 608
0 
0 
0 
3 4676 5184 5242
0 
0 
0 
1 710
0 
2 391 2376
0 
1 3408
1 902
0 
3 1426 2249 4581
0 
1 2373
0 
0 
0 
1 3949
1 1490
0 
2 885 5480
1 2641
3 198 2786 3177
0 
1 594
0 
0 
1 383
0 
1 3997
0 
0 
2 2368 5456
0 
1 711
0 
0 
1 5275
2 2804 3376
1 507
2 251 5286
0 
2 940 4875
0 
0 
0 
0 
1 4263
1 1187
0 
0 
1 4259
0 
0 
0 
0 
1 330
0 
0 
0 
0 
0 
0 
0 
1 3542
1 3656
1 4359
0 
4 1014 3107 3710 4005
2 1116 2227
0 
0 
0 
0 
0 
0 
0 
1 212
0 
0 
0 
0 
0 
0 
0 
0 
1 2383
0 
1 4693
0 
1 216
3 1518 3626 4284
0 
0 
0 
0 
0 
1 2701
0 
0 
0 
0 
1 1280
0 
1 2912
0 
0 
0 
1 968
1 3660
0 
0 
0 
0 
0 
0 
0 
0 
0 
2 4497 4612
0 
0 
0 
0 
0 
0 
0 
0 
0 
1 4650
1 1871
1 3251
0 
0 
0 
2 716 4386
0 
0 
0 
0 
0 
0 
2 227 2292
0 
0 
0 
0 
1 3718
0 
0 
0 
0 
0 
0 
0 
0 
0 
1 701
0 
0 
0 
0 
0 
1 2378
0 
0 
1 974
0 
0 
1 2545
0 
1 2248
0 
1 1850
0 
0 
2 1917 5063
1 2861
0 
0 
1 2766
0 
0 
0 
0 
1 4500
0 
0 
0 
0 
0 
0 
0 
2 924 1412
0 
0 
0 
1 3359
1 4566
0 
0 
1 4884
0 
1 5111
0 
0 
0 
1 296
1 3825
1 5125
1 385
0 
1 429
1 4573
0 
0 
1 3924
0 
0 
0 
1 2410
1 4398
0 
0 
0 
0 
0 
0 
0 
0 
0 
0 
0 
2 2481 2636
0 
1 713
0 
1 2582
0 
0 
1 3540
0 
0 
0 
1 3683
0 
0 
0 
2 1140 1863
0 
0 
0 
0 
0 
0 
0 
1 5079
0 
0 
0 
0 
1 4378
0 
1 3205
0 
0 
2 208 2236
1 1451
0 
0 
0 
0 
0 
0 
0 
1 135
0 
1 4297
0 
0 
0 
0 
0 
0 
1 1569
0 
0 
0 
1 5091
0 
0 
0 
0 
0 
0 
0 
0 
1 1125
0 
0 
0 
0 
0 
1 2869
0 
0 
1 2813
0 
2 133 2644
0 
0 
0 
0 
1 5002
0 
0 
3 956 3480 4730
0 
0 
0 
0 
0 
0 
0 
0 
0 
0 
0 
0 
0 
0 
0 
0 
1 3309
0 
0 
0 
1 5301
0 
0 
0 
0 
0 
0 
1 725
0 
1 1204
0 
1 6
0 
0 
1 3255
0 
1 3941
0 
0 
0 
0 
0 
1 3235
0 
1 2465
1 4022
0 
2 1415 4313
0 
0 
0 
2 2492 4291
0 
1 3991
0 
0 
0 
1 5117
1 765
0 
1 4854
0 
0 
0 
0 
0 
0 
1 4897
1 2811
1 2445
0 
0 
0 
0 
1 1633
0 
0 
0 
0 
0 
0 
0 
1 3149
1 1121
0 
0 
0 
0 
0 
1 225
0 
0 
0 
0 
0 
10 1130 1165 1435 2710 3013 3015 3034 3724 5055 5536
0 
0 
0 
1 4746
0 
1 646
0 
0 
0 
0 
0 
0 
0 
0 
0 
1 791
0 
0 
0 
0 
0 
0 
0 
0 
1 5526
0 
1 4938
2 285 4605
0 
0 
1 950
1 2666
0 
0 
0 
0 
0 
1 1999
1 5016
0 
0 
1 3260
0 
0 
0 
0 
0 
0 
1 3083
0 
0 
0 
1 4902
0 
0 
0 
0 
1 4010
0 
0 
0 
1 5433
0 
1 4217
0 
2 2967 3599
1 3248
0 
1 2458
0 
0 
0 
0 
0 
0 
1 4350
1 5182
2 2074 5352
1 3508
2 751 4260
0 
1 4009
0 
0 
0 
0 
0 
3 1339 1882 3567
2 2308 4899
0 
0 
0 
0 
0 
0 
0 
0 
1 14
1 2908
1 953
1 587
0 
0 
0 
0 
0 
0 
0 
1 3581
0 
0 
0 
0 
0 
0 
0 
0 
0 
0 
0 
0 
0 
0 
3 1485 1496 1782
0 
0 
1 2044
0 
0 
0 
0 
1 4913
1 4219
0 
0 
0 
0 
0 
0 
0 
0 
0 
0 
0 
1 3672
0 
0 
0 
2 2570 3995
0 
1 4851
0 
0 
0 
0 
0 
1 1330
0 
0 
0 
0 
0 
1 3622
0 
0 
0 
0 
0 
0 
0 
1 1914
0 
0 
0 
0 
0 
1 348
0 
1 4211
0 
0 
0 
1 5271
0 
1 3409
0 
0 
0 
0 
0 
0 
1 5047
0 
1 2035
0 
0 
0 
2 4691 5153
3 483 2969 5162
1 3538
2 1818 2197
0 
0 
0 
0 
0 
0 
1 3150
0 
0 
0 
0 
0 
0 
0 
1 43
0 
0 
0 
0 
1 1379
0 
0 
0 
0 
1 2332
1 691
0 
0 
1 320
1 930
0 
0 
1 2586
0 
0 
0 
0 
0 
0 
0 
0 
0 
0 
0 
1 2583
1 4321
0 
1 3081
1 2037
0 
0 
0 
1 1767
2 4105 4964
0 
0 
0 
0 
0 
0 
1 4094
0 
0 
0 
0 
1 4878
0 
0 
0 
0 
0 
0 
1 4074
2 2130 3630
0 
1 292
0 
1 1271
1 4058
2 4196 4798
0 
0 
1 635
0 
0 
0 
2 1191 3790
1 5109
0 
0 
0 
0 
0 
0 
0 
1 4762
1 3507
0 
1 3311
1 2050
0 
0 
3 412 959 4020
0 
0 
0 
0 
1 1150
0 
0 
0 
0 
0 
1 810
0 
1 3905
0 
0 
0 
0 
0 
0 
1 4985
0 
1 3621
1 4039
0 
0 
1 2426
0 
0 
0 
0 
1 5206
0 
1 3934
1 675
1 1656
0 
0 
1 1803
0 
1 236
4 1261 2079 3281 5303
0 
1 1076
0 
1 641
0 
0 
0 
0 
0 
0 
0 
0 
0 
0 
0 
0 
0 
0 
0 
2 3451 4040
0 
0 
1 142
1 4677
0 
0 
0 
0 
0 
1 359
0 
2 1954 4663
1 2986
0 
2 2030 5416
0 
1 1822
0 
1 2629
1 4866
2 3237 4253
0 
0 
0 
0 
2 1478 4076
0 
0 
0 
0 
0 
0 
0 
0 
1 516
0 
0 
0 
0 
0 
0 
0 
0 
0 
0 
1 4864
0 
0 
0 
0 
0 
0 
0 
0 
0 
0 
1 632
0 
0 
0 
0 
0 
0 
0 
0 
0 
0 
1 2415
1 912
0 
0 
0 
0 
0 
1 401
0 
0 
0 
0 
1 276
0 
0 
0 
1 1175
1 3271
2 929 4135
0 
0 
2 1460 1620
1 1937
1 3745
0 
0 
1 2653
0 
1 2113
0 
0 
0 
0 
0 
1 2371
1 214
1 5252
0 
0 
0 
0 
0 
0 
1 1859
0 
0 
0 
2 430 2748
0 
0 
0 
0 
0 
0 
3 1015 1560 5459
1 3772
0 
0 
0 
1 4289
0 
0 
0 
0 
1 4257
1 4419
1 5163
0 
0 
0 
0 
2 723 5241
0 
0 
0 
0 
0 
0 
0 
1 1964
1 3390
0 
0 
0 
0 
1 4126
0 
0 
0 
0 
0 
0 
0 
1 2790
0 
1 3246
0 
0 
0 
0 
0 
0 
1 2749
0 
1 687
0 
0 
0 
0 
0 
0 
1 2737
0 
0 
0 
0 
0 
0 
0 
2 408 2729
1 3236
0 
0 
0 
0 
0 
0 
0 
0 
0 
0 
0 
0 
1 3776
0 
0 
1 3686
0 
0 
0 
0 
1 696
0 
0 
0 
1 1040
0 
1 4357
0 
0 
1 2168
0 
0 
0 
1 3547
0 
0 
1 3320
0 
0 
1 4948
1 3560
0 
1 4278
0 
1 3533
0 
1 3990
0 
0 
2 1694 4476
1 1023
2 566 1177
0 
0 
0 
1 4418
0 
0 
0 
0 
0 
0 
0 
1 4765
0 
1 5171
1 2475
0 
0 
1 5115
1 52
1 3096
0 
1 4232
0 
0 
0 
0 
0 
0 
0 
0 
1 3652
1 1241
0 
1 2335
0 
0 
0 
0 
0 
1 5373
0 
0 
0 
1 979
0 
0 
1 1839
0 
0 
0 
0 
0 
1 3575
0 
0 
0 
0 
0 
0 
0 
0 
0 
0 
0 
1 463
0 
0 
0 
0 
0 
1 4922
0 
1 3490
0 
0 
0 
3 2547 3957 5326
0 
0 
0 
1 3130
0 
0 
1 4945
0 
0 
0 
1 3812
2 2845 5464
0 
1 1209
0 
0 
1 1082
2 511 3178
1 4326
0 
0 
1 3465
0 
1 558
0 
2 2004 4842
0 
0 
0 
0 
0 
2 3595 4994
0 
1 1083
0 
0 
1 597
1 2254
2 2232 5493
0 
1 1405
0 
0 
1 5000
0 
0 
0 
0 
0 
0 
0 
0 
0 
1 3889
0 
0 
2 794 4436
0 
1 368
0 
0 
1 3060
0 
0 
0 
0 
1 905
0 
0 
0 
0 
1 2241
1 5341
0 
2 107 869
0 
1 5208
1 4445
1 2662
0 
0 
0 
0 
0 
1 2638
0 
0 
0 
0 
0 
1 4889
2 3406 5400
0 
0 
0 
1 5264
0 
0 
0 
0 
0 
0 
1 2201
0 
0 
0 
0 
1 2987
0 
0 
1 3069
1 10
0 
0 
0 
0 
3 3048 5008 5430
0 
1 4675
0 
0 
1 4862
0 
0 
0 
0 
1 124
0 
1 112
2 96 601
0 
1 2297
0 
0 
0 
0 
2 629 3609
0 
0 
0 
0 
0 
0 
1 458
5 1599 1896 2064 2894 3270
0 
1 1293
0 
3 2616 5351 5434
0 
1 2023
0 
0 
0 
0 
0 
0 
1 144
1 2066
0 
0 
0 
0 
0 
1 5290
0 
0 
0 
0 
0 
0 
0 
0 
0 
1 169
3 1056 1875 2325
0 
1 424
0 
0 
0 
1 1020
0 
1 3663
0 
0 
0 
0 
2 3789 5177
0 
1 3531
0 
0 
0 
0 
0 
0 
0 
0 
1 3878
1 3761
0 
0 
0 
0 
1 4638
1 2870
0 
0 
0 
0 
0 
0 
2 4598 5307
0 
0 
2 4186 4648
3 3654 4800 5429
0 
0 
0 
1 4912
0 
0 
1 3845
0 
0 
0 
0 
0 
0 
0 
0 
0 
0 
0 
0 
0 
0 
0 
3 2250 4084 5449
1 1189
0 
0 
1 645
0 
0 
0 
0 
0 
0 
0 
0 
2 742 3052
0 
0 
0 
0 
0 
0 
1 3616
0 
0 
1 194
0 
0 
0 
0 
1 5345
0 
0 
0 
1 1858
0 
0 
1 238
0 
0 
1 5073
0 
0 
0 
1 1864
0 
0 
0 
0 
0 
0 
0 
0 
0 
0 
0 
1 2840
1 3322
0 
0 
0 
0 
1 2478
0 
0 
2 3771 4732
4 625 2231 2783 4658
1 2792
0 
0 
1 4848
1 2194
0 
0 
1 4402
0 
1 2280
2 1087 3092
0 
0 
0 
0 
0 
0 
0 
0 
0 
0 
0 
0 
0 
0 
1 2328
1 354
0 
0 
0 
0 
0 
0 
0 
0 
0 
0 
0 
0 
0 
0 
0 
1 1674
2 1054 3562
0 
0 
0 
0 
1 4933
0 
1 3773
1 2740
1 1833
0 
1 4840
0 
0 
0 
1 2852
0 
0 
0 
0 
0 
0 
3 733 3227 3700
0 
0 
0 
0 
1 5135
2 690 3722
0 
1 1275
0 
0 
0 
0 
0 
0 
0 
0 
0 
0 
0 
0 
1 1671
0 
0 
1 4044
0 
0 
0 
0 
0 
0 
0 
1 4564
0 
0 
0 
1 2140
0 
1 2620
0 
0 
1 173
0 
0 
0 
1 3484
0 
0 
0 
0 
1 3190
1 2129
0 
2 1067 3328
1 2758
0 
0 
1 3964
0 
0 
1 3943
0 
0 
0 
3 2031 2890 3502
0 
0 
1 4633
0 
0 
0 
0 
0 
0 
2 2771 4880
0 
1 5179
1 5038
0 
0 
0 
1 4052
2 2877 4439
0 
0 
0 
2 1395 2853
0 
0 
0 
0 
0 
0 
0 
0 
1 563
0 
0 
0 
0 
1 809
1 5046
0 
2 2172 2278
0 
0 
0 
1 4539
0 
0 
0 
0 
1 1741
1 5196
0 
0 
0 
0 
2 596 2413
0 
2 2166 4738
1 2343
0 
1 4722
1 804
0 
0 
2 975 3335
0 
0 
0 
0 
0 
0 
0 
0 
0 
0 
0 
1 1145
0 
0 
0 
0 
0 
0 
1 4876
1 2668
2 559 1527
0 
0 
0 
0 
0 
1 3474
0 
0 
0 
0 
0 
0 
0 
0 
0 
0 
0 
0 
0 
0 
1 2046
0 
1 3746
0 
1 4664
0 
0 
0 
1 4745
0 
0 
0 
0 
0 
1 4740
0 
0 
0 
1 2069
0 
1 5108
1 3120
0 
0 
0 
0 
0 
0 
0 
0 
0 
0 
1 4518
0 
1 2272
0 
0 
0 
0 
0 
0 
2 2100 2530
1 443
0 
0 
0 
0 
0 
0 
0 
0 
0 
0 
0 
1 4928
1 1770
3 300 556 4465
1 4761
0 
2 73 2421
1 417
0 
2 2664 3706
0 
1 3739
0 
0 
0 
1 2464
0 
0 
0 
0 
0 
0 
1 4942
0 
0 
0 
1 4146
0 
0 
0 
0 
0 
0 
0 
0 
0 
1 1721
1 5097
0 
0 
0 
0 
0 
2 636 1409
1 2204
0 
0 
0 
0 
0 
1 1772
0 
0 
0 
1 1520
0 
5 2078 3394 3732 4109 4939
0 
0 
0 
0 
0 
0 
1 4179
0 
0 
1 431
0 
0 
0 
0 
1 5256
1 5531
0 
0 
0 
1 420
0 
0 
0 
1 2973
0 
0 
0 
0 
0 
0 
0 
0 
0 
1 4615
0 
0 
0 
0 
1 2687
0 
0 
0 
1 277
1 2221
0 
1 4487
1 4276
0 
1 4940
0 
0 
0 
0 
1 703
1 1805
0 
0 
0 
0 
1 1118
1 585
0 
1 1746
0 
0 
0 
1 5021
0 
0 
0 
0 
0 
0 
0 
0 
0 
0 
0 
0 
0 
1 3902
1 3417
1 4852
1 3091
1 167
1 3440
0 
2 3779 4348
1 5137
0 
0 
0 
0 
2 1384 2617
0 
0 
1 5011
0 
0 
0 
1 2527
0 
0 
0 
0 
0 
1 2412
0 
0 
0 
0 
1 2637
1 3802
0 
0 
0 
2 4377 5543
0 
0 
0 
1 2593
0 
0 
0 
0 
0 
1 4790
1 4400
1 5445
0 
0 
1 441
0 
0 
0 
1 3633
0 
0 
0 
0 
0 
0 
0 
0 
0 
1 1411
2 1336 3231
1 270
0 
1 4363
0 
0 
0 
0 
1 1966
0 
0 
0 
0 
0 
0 
1 4495
0 
0 
0 
1 3467
0 
0 
1 3338
0 
0 
0 
0 
0 
0 
0 
1 4095
0 
0 
2 1591 4225
0 
1 4
0 
0 
0 
0 
0 
0 
0 
0 
1 4467
0 
1 5104
1 4207
0 
0 
0 
1 5321
0 
0 
0 
0 
1 1737
0 
2 1221 3756
0 
0 
1 2225
0 
0 
0 
1 5082
1 4988
1 1192
0 
1 2521
1 3898
0 
0 
1 4102
0 
0 
0 
0 
1 5479
0 
0 
0 
1 4865
0 
0 
1 2883
0 
2 4855 4930
0 
2 2696 4770
0 
0 
1 1219
2 177 3087
0 
0 
0 
0 
2 3573 3801
0 
0 
0 
0 
0 
0 
0 
0 
0 
1 2139
0 
1 1734
0 
0 
0 
0 
0 
0 
1 1669
0 
1 3528
0 
0 
0 
0 
0 
0 
0 
0 
0 
2 3755 4469
0 
1 518
0 
0 
0 
0 
0 
1 530
0 
0 
1 5128
0 
1 914
0 
0 
0 
0 
0 
0 
3 669 1135 4710
0 
1 2493
1 1580
0 
1 3079
0 
0 
0 
0 
0 
0 
1 2602
0 
0 
1 39
1 2453
0 
0 
0 
1 205
1 3049
0 
1 3367
1 1583
1 4905
0 
0 
0 
0 
1 814
0 
0 
1 3372
0 
0 
0 
0 
0 
0 
0 
0 
0 
0 
0 
0 
0 
0 
1 2330
0 
0 
0 
0 
1 1216
0 
1 726
0 
0 
0 
0 
0 
0 
0 
0 
0 
1 655
0 
0 
0 
0 
0 
0 
0 
0 
0 
3 1646 2592 3638
1 4977
0 
0 
0 
0 
0 
3 2707 3699 4059
0 
0 
0 
0 
0 
0 
0 
1 5159
0 
1 3611
1 5145
1 101
0 
0 
0 
0 
2 505 3564
0 
1 4335
3 951 4422 4804
1 3701
0 
0 
0 
0 
1 5519
1 1895
2 1904 4491
0 
2 4176 5087
0 
0 
0 
0 
0 
0 
0 
0 
0 
0 
1 808
1 1662
1 22
0 
0 
0 
0 
2 1222 4086
0 
0 
0 
0 
0 
1 4037
0 
0 
0 
3 2834 5114 5269
0 
0 
0 
2 1946 2524
0 
0 
0 
0 
1 397
1 4739
0 
0 
1 2138
0 
0 
0 
1 419
0 
0 
0 
1 3808
0 
0 
4 5 471 1681 5095
1 4644
2 852 1316
0 
0 
1 2814
1 4080
0 
0 
2 89 2461
2 4858 5268
0 
0 
0 
0 
0 
0 
0 
0 
1 4288
1 935
0 
0 
0 
0 
0 
0 
0 
0 
0 
0 
1 1413
0 
0 
0 
4 2103 2550 3062 3443
0 
2 503 2018
0 
1 439
0 
1 3827
3 2392 3050 4963
0 
0 
0 
0 
0 
1 5287
0 
0 
0 
1 3221
1 5421
2 883 3640
0 
1 340
0 
0 
0 
1 4456
0 
0 
0 
2 4829 5414
0 
0 
0 
1 2611
1 4019
0 
0 
0 
0 
0 
0 
0 
1 2920
0 
0 
0 
0 
1 828
5 620 891 4180 4360 4367
1 4139
1 3078
0 
0 
0 
0 
0 
1 3368
0 
0 
0 
0 
0 
0 
0 
0 
1 3424
0 
0 
1 2336
1 1906
0 
0 
1 4273
1 4163
0 
0 
0 
0 
1 1756
0 
0 
0 
0 
0 
0 
2 2899 5041
0 
0 
0 
1 20
0 
0 
1 21
0 
0 
0 
1 2497
0 
0 
0 
0 
0 
0 
1 2855
0 
1 567
1 2320
0 
0 
0 
0 
1 294
1 4775
1 3992
0 
0 
1 2073
0 
1 1792
0 
1 4588
0 
1 2202
2 479 2775
1 1245
0 
0 
0 
0 
1 4531
0 
2 1533 4496
0 
0 
1 2243
0 
0 
1 533
0 
0 
0 
0 
0 
1 1270
0 
0 
1 1111
0 
1 98
0 
0 
0 
2 3397 4309
0 
0 
0 
1 2131
1 405
0 
1 481
0 
0 
1 3460
1 624
0 
0 
0 
1 2354
1 2322
0 
0 
0 
0 
0 
1 568
0 
0 
1 1201
0 
0 
1 3891
0 
0 
0 
0 
0 
1 3747
1 1801
0 
0 
0 
1 4267
0 
0 
1 1502
0 
0 
0 
0 
0 
0 
0 
0 
0 
0 
0 
0 
1 2760
0 
0 
0 
0 
0 
1 3044
0 
0 
0 
0 
0 
0 
0 
2 1945 5550
1 262
0 
1 1981
0 
0 
0 
0 
0 
0 
0 
0 
0 
0 
0 
1 847
1 1214
1 523
0 
0 
0 
0 
0 
0 
1 2085
0 
0 
1 2697
0 
2 1007 1621
0 
0 
0 
0 
0 
3 409 805 978
1 1498
0 
2 356 3076
0 
0 
0 
0 
1 609
0 
0 
0 
1 5542
0 
0 
1 4810
0 
0 
1 1181
0 
0 
0 
1 5349
0 
1 4523
0 
1 4553
0 
0 
1 5382
0 
0 
0 
1 1155
0 
1 4389
1 4542
0 
1 1200
1 4000
1 965
0 
0 
1 4877
0 
1 3751
0 
0 
0 
0 
0 
0 
1 4785
1 1492
0 
0 
0 
0 
0 
0 
0 
0 
0 
1 4369
1 4479
0 
0 
0 
0 
0 
0 
1 245
0 
0 
0 
1 3753
0 
0 
0 
1 3557
0 
0 
0 
0 
0 
0 
0 
1 4119
0 
1 1994
0 
0 
0 
0 
0 
1 5024
0 
0 
0 
0 
0 
0 
1 1846
0 
0 
0 
0 
0 
0 
0 
0 
0 
0 
0 
0 
0 
1 2318
0 
2 825 1526
0 
1 5501
0 
0 
0 
0 
0 
0 
1 3101
0 
0 
0 
0 
0 
0 
0 
0 
1 95
0 
0 
1 4934
0 
1 839
1 2705
0 
2 1736 4682
0 
0 
0 
1 3315
0 
0 
0 
0 
1 2708
0 
3 3859 4681 5141
2 3610 5426
1 3535
0 
1 759
0 
1 5247
0 
0 
1 919
0 
2 2822 4170
0 
1 1404
0 
0 
1 1609
0 
0 
0 
0 
0 
0 
0 
0 
0 
0 
0 
0 
0 
2 1115 4616
0 
1 4965
0 
0 
0 
1 3061
0 
0 
1 1824
0 
1 4287
1 2761
0 
0 
0 
0 
0 
0 
0 
0 
0 
0 
0 
0 
0 
0 
0 
0 
1 5340
0 
0 
0 
0 
0 
0 
1 5451
0 
0 
0 
0 
0 
1 2681
0 
0 
0 
1 1139
0 
2 3210 3696
3 881 2764 3433
0 
0 
2 2261 4784
0 
0 
0 
0 
0 
0 
0 
0 
0 
0 
0 
0 
1 5258
1 4490
0 
0 
1 35
0 
0 
0 
0 
0 
0 
0 
0 
0 
1 2185
0 
0 
0 
0 
0 
2 2514 2847
0 
0 
0 
0 
1 5229
0 
0 
0 
0 
1 5178
0 
0 
0 
1 1439
0 
1 3923
1 1326
1 1690
0 
0 
1 607
0 
0 
0 
1 2133
1 1949
1 5173
0 
0 
0 
0 
0 
1 4002
0 
0 
0 
0 
0 
1 3444
0 
1 82
0 
0 
0 
0 
0 
0 
0 
0 
1 3488
1 2088
0 
0 
1 4921
1 1168
0 
0 
0 
0 
3 2310 3024 4601
0 
0 
0 
0 
0 
1 3100
0 
0 
1 2552
0 
0 
0 
0 
0 
0 
0 
1 1215
0 
1 3734
0 
0 
0 
4 17 92 2230 3899
0 
1 1522
0 
0 
0 
0 
0 
1 3820
0 
0 
0 
0 
0 
0 
0 
2 497 3410
1 5306
0 
0 
0 
1 4954
0 
3 1450 3282 3522
0 
0 
0 
0 
0 
0 
0 
0 
0 
2 2054 4923
0 
0 
0 
1 3182
1 1540
0 
0 
0 
0 
0 
1 1557
0 
0 
0 
0 
0 
2 985 3439
0 
0 
0 
0 
0 
0 
0 
0 
0 
0 
0 
0 
0 
0 
0 
2 2450 2733
1 4656
0 
0 
0 
0 
0 
0 
0 
0 
1 1815
1 5363
1 1961
1 1354
1 1552
1 402
0 
1 2925
0 
1 1835
0 
0 
0 
1 375
0 
0 
0 
1 322
0 
0 
2 955 2422
0 
0 
0 
1 602
0 
0 
0 
0 
2 113 977
1 3963
1 3028
0 
0 
0 
0 
0 
0 
0 
0 
0 
0 
0 
0 
0 
0 
0 
0 
0 
2 1026 1778
0 
0 
1 28
0 
1 1916
0 
1 5211
0 
0 
0 
0 
1 490
2 3449 5359
0 
0 
0 
0 
2 3818 4766
0 
0 
0 
0 
0 
1 5260
1 4185
0 
0 
0 
0 
1 4908
1 2282
0 
1 5059
1 3146
1 2097
0 
0 
0 
0 
0 
2 3952 4279
0 
1 1960
1 1629
0 
0 
1 2851
1 5471
1 4534
0 
0 
0 
0 
1 3336
2 4331 5441
0 
0 
1 3711
1 1977
0 
0 
1 3450
0 
0 
0 
1 3321
0 
0 
0 
0 
1 1845
0 
0 
0 
0 
3 404 1811 2948
0 
0 
1 1347
0 
1 3113
1 61
0 
0 
0 
1 4788
0 
0 
0 
0 
0 
1 3094
0 
0 
0 
0 
0 
1 1043
0 
1 4332
0 
1 915
2 185 400
0 
0 
3 3059 3095 3725
1 3283
0 
1 333
1 4018
0 
1 3486
1 1899
0 
1 4387
0 
0 
0 
0 
0 
1 3977
0 
0 
0 
0 
0 
0 
3 80 1198 3218
1 1793
0 
0 
0 
0 
1 432
1 3814
0 
0 
0 
0 
0 
0 
0 
0 
0 
0 
0 
0 
0 
1 5354
0 
0 
2 156 4071
0 
0 
0 
0 
0 
0 
0 
1 4567
0 
0 
0 
0 
0 
1 5418
0 
0 
1 730
0 
0 
0 
1 1022
1 234
0 
0 
0 
0 
0 
0 
0 
0 
0 
0 
0 
0 
0 
0 
0 
0 
0 
0 
0 
0 
0 
0 
0 
0 
1 3631
0 
0 
0 
0 
0 
0 
0 
0 
0 
0 
0 
1 396
0 
0 
0 
0 
0 
1 3085
0 
0 
1 1284
0 
0 
0 
1 1892
0 
1 3170
0 
0 
0 
0 
1 5168
0 
1 4319
0 
0 
0 
0 
0 
0 
0 
0 
0 
0 
0 
0 
0 
0 
0 
0 
0 
0 
0 
0 
1 2728
1 4773
0 
0 
0 
0 
1 4499
0 
0 
0 
0 
2 2024 4544
0 
0 
1 5201
1 27
0 
0 
0 
0 
0 
0 
0 
0 
0 
1 2977
0 
0 
0 
0 
0 
0 
0 
0 
0 
0 
1 3666
0 
0 
1 790
1 3960
0 
0 
0 
0 
0 
0 
1 2377
0 
0 
1 2003
0 
0 
0 
1 4635
3 1661 2161 5485
0 
1 4984
0 
0 
2 3800 4713
1 2301
0 
1 494
0 
1 4261
0 
1 1995
1 4969
1 4778
0 
0 
0 
0 
0 
0 
0 
0 
0 
1 3476
2 2348 4195
1 3141
1 5215
1 3645
0 
1 3585
0 
0 
0 
0 
0 
0 
0 
0 
0 
0 
0 
0 
0 
1 5106
0 
1 1938
0 
1 2763
0 
1 1071
0 
0 
0 
0 
0 
0 
0 
0 
0 
0 
0 
0 
1 1970
2 2846 4067
1 5320
0 
1 2099
0 
0 
0 
0 
1 4310
0 
0 
2 1049 2523
0 
0 
1 1581
0 
1 3362
0 
1 3758
2 3033 3114
0 
0 
0 
0 
0 
0 
0 
0 
0 
0 
0 
0 
0 
0 
2 2342 3888
0 
0 
0 
0 
0 
1 2791
0 
0 
0 
0 
0 
0 
0 
0 
0 
2 1434 3172
0 
0 
0 
1 789
1 4032
0 
1 1327
1 5507
0 
0 
0 
0 
0 
0 
0 
1 3720
0 
1 5444
0 
1 2554
0 
0 
0 
0 
1 5081
0 
0 
1 833
0 
0 
1 5235
0 
0 
0 
0 
0 
3 686 4021 5440
0 
1 1873
2 831 1564
0 
1 2905
1 538
0 
0 
0 
2 2192 3124
0 
1 5455
0 
0 
0 
0 
0 
1 1001
0 
0 
0 
0 
0 
3 2972 3807 5335
0 
0 
0 
1 514
0 
0 
0 
1 644
0 
0 
0 
1 5508
0 
0 
0 
0 
1 4296
0 
0 
0 
0 
0 
0 
2 4446 4449
0 
0 
2 290 5152
1 5474
1 2498
0 
0 
0 
0 
0 
0 
0 
0 
0 
0 
1 5300
0 
0 
0 
0 
0 
1 3971
0 
0 
1 220
0 
1 2817
0 
0 
1 2543
0 
1 5214
2 2955 4202
0 
0 
0 
0 
0 
0 
0 
0 
0 
0 
0 
1 554
0 
0 
1 4832
0 
0 
0 
1 4060
0 
1 2875
1 3356
0 
1 3366
0 
0 
0 
0 
1 4413
1 174
0 
0 
0 
0 
2 445 803
2 1538 4016
0 
2 1517 4595
0 
1 496
1 4809
0 
0 
0 
0 
1 3933
0 
0 
1 2121
0 
0 
0 
1 5457
1 1489
0 
1 5155
0 
0 
0 
0 
1 2866
0 
0 
0 
4 4271 4392 4652 5435
0 
1 454
0 
1 3912
1 4459
0 
0 
0 
0 
0 
0 
0 
0 
0 
1 2932
0 
0 
0 
0 
0 
0 
2 414 721
6 522 1034 1553 1700 1955 2219
0 
0 
0 
1 4607
0 
0 
0 
0 
2 671 2776
0 
0 
0 
1 4522
2 1194 2258
2 3252 4783
0 
0 
0 
1 5102
0 
0 
1 2253
0 
0 
1 2726
0 
0 
1 5219
0 
1 948
0 
0 
1 844
0 
0 
0 
2 1709 3403
0 
0 
1 2186
2 353 5070
1 565
1 291
0 
0 
0 
0 
0 
0 
0 
1 1857
0 
0 
0 
0 
0 
0 
0 
1 1929
0 
0 
0 
0 
0 
2 1779 3804
0 
0 
0 
0 
0 
0 
1 1924
0 
0 
1 3901
0 
0 
0 
0 
1 3608
0 
0 
0 
0 
0 
0 
2 1024 2884
0 
0 
0 
0 
3 1032 3468 3976
1 1098
0 
0 
0 
3 1456 2177 4048
1 1890
1 2233
0 
1 2538
0 
0 
0 
0 
0 
1 3591
0 
0 
0 
0 
0 
0 
0 
0 
0 
0 
0 
0 
0 
1 2357
1 1322
0 
0 
0 
0 
0 
0 
0 
0 
0 
1 3478
0 
0 
0 
0 
0 
0 
0 
2 2455 4717
0 
0 
0 
0 
0 
0 
0 
1 5270
0 
0 
0 
0 
0 
1 3115
0 
2 932 4694
0 
0 
0 
0 
1 2244
2 1373 2447
0 
0 
1 3687
0 
1 4237
0 
0 
1 2658
1 4488
0 
1 2739
0 
0 
0 
0 
0 
0 
1 4631
0 
1 301
0 
0 
0 
0 
1 736
1 2424
0 
0 
0 
0 
0 
1 3405
0 
0 
0 
0 
0 
0 
1 4228
0 
1 2936
0 
1 4472
0 
0 
0 
0 
0 
0 
0 
1 5404
0 
1 182
0 
0 
0 
0 
0 
0 
0 
1 4251
1 3890
0 
0 
0 
0 
0 
0 
0 
1 4754
0 
0 
0 
0 
0 
1 1897
0 
0 
0 
0 
0 
0 
3 2442 3769 4511
5 1504 3498 4061 4246 4906
0 
0 
0 
0 
0 
0 
0 
0 
0 
0 
0 
0 
0 
0 
0 
0 
0 
1 339
0 
0 
0 
1 1374
0 
0 
0 
0 
0 
0 
0 
1 442
0 
1 4354
1 4349
0 
1 3018
0 
1 3796
0 
0 
1 3570
1 2059
0 
0 
0 
0 
0 
0 
1 3644
0 
0 
0 
1 1481
0 
0 
0 
0 
1 3330
0 
0 
1 209
0 
0 
0 
0 
0 
1 3240
0 
0 
0 
1 2038
0 
0 
0 
0 
0 
0 
0 
1 5089
0 
0 
0 
0 
0 
0 
0 
0 
0 
0 
1 4138
0 
0 
0 
1 261
1 4845
0 
0 
0 
0 
0 
0 
0 
1 2988
2 2305 3247
2 4082 5460
0 
0 
0 
0 
0 
0 
0 
1 3026
0 
0 
1 1706
1 130
0 
0 
0 
1 5448
0 
0 
0 
0 
0 
0 
0 
1 2693
2 995 1031
0 
1 343
0 
0 
0 
0 
0 
0 
1 25
0 
0 
1 4072
3 2588 3496 3972
0 
0 
0 
0 
0 
0 
0 
0 
0 
0 
0 
0 
0 
0 
1 136
0 
0 
1 3658
0 
0 
0 
0 
0 
0 
0 
0 
0 
0 
0 
0 
0 
1 4818
2 1888 5313
0 
0 
0 
0 
0 
2 5233 5293
0 
0 
0 
0 
0 
0 
0 
0 
0 
0 
0 
0 
0 
0 
0 
0 
0 
1 166
1 2406
0 
0 
0 
1 1606
1 4665
1 5318
0 
0 
0 
0 
0 
0 
0 
0 
0 
1 896
0 
0 
0 
0 
0 
0 
0 
0 
0 
0 
0 
0 
0 
0 
0 
0 
0 
0 
1 1607
0 
1 2520
1 5432
0 
1 1605
0 
1 4112
1 3293
0 
1 247
1 1013
1 2132
0 
0 
0 
0 
0 
2 3791 3877
0 
0 
0 
0 
0 
1 4270
0 
2 3285 3428
0 
0 
0 
0 
0 
0 
0 
0 
0 
0 
0 
0 
0 
0 
1 1797
0 
2 1798 2951
1 4447
0 
1 3589
0 
0 
1 1461
0 
1 2223
0 
0 
0 
0 
0 
0 
0 
1 1894
0 
0 
1 4811
0 
0 
0 
0 
0 
0 
2 1731 3323
1 2724
0 
1 4252
0 
0 
0 
0 
0 
1 2115
0 
0 
0 
1 3286
1 5217
0 
0 
0 
0 
0 
2 925 3505
0 
1 2941
0 
0 
0 
0 
0 
1 2793
0 
0 
1 1866
0 
0 
0 
0 
1 1855
0 
0 
0 
0 
0 
0 
2 99 3099
2 3065 4506
0 
0 
0 
0 
1 2401
0 
0 
0 
0 
0 
0 
0 
0 
1 1174
0 
0 
0 
0 
0 
1 5466
0 
1 1044
0 
0 
0 
0 
0 
0 
0 
1 3262
1 1868
1 1592
0 
0 
0 
0 
0 
0 
0 
1 2107
0 
0 
0 
0 
0 
0 
1 3782
0 
0 
0 
0 
0 
1 796
0 
0 
0 
0 
0 
0 
0 
0 
0 
0 
1 890
0 
0 
0 
1 693
1 4813
2 718 2777
0 
0 
0 
0 
0 
2 845 4707
0 
0 
0 
0 
0 
2 1883 2772
0 
0 
0 
1 4013
0 
0 
0 
0 
0 
0 
1 5071
1 1672
0 
0 
0 
0 
0 
1 4846
0 
0 
1 3932
0 
0 
2 1223 3306
0 
0 
0 
0 
0 
0 
1 1940
0 
1 3657
0 
0 
0 
0 
1 923
0 
0 
0 
1 5129
0 
0 
0 
0 
1 5328
0 
0 
0 
0 
1 2473
0 
0 
1 2706
1 3639
1 3202
0 
0 
0 
0 
1 2043
0 
0 
1 2536
0 
0 
1 42
1 199
1 3619
0 
0 
0 
0 
0 
4 79 154 604 1488
0 
0 
0 
0 
0 
0 
2 3625 4517
0 
0 
0 
1 1761
1 2773
0 
0 
0 
1 2933
0 
0 
0 
0 
0 
0 
2 1714 3296
0 
0 
0 
1 3139
0 
1 1352
0 
1 1446
1 4116
0 
1 2228
0 
0 
0 
0 
0 
0 
3 168 886 4561
0 
0 
0 
0 
0 
2 268 2446
0 
0 
0 
3 660 1630 5483
1 3749
0 
1 5469
0 
1 1163
0 
0 
1 1572
0 
0 
0 
0 
0 
2 2560 5188
0 
0 
1 1992
0 
0 
0 
1 3419
0 
0 
1 3918
0 
0 
0 
0 
0 
0 
0 
2 1119 3225
0 
0 
0 
0 
0 
0 
2 1587 5285
0 
0 
0 
0 
1 5492
0 
0 
0 
0 
0 
0 
2 5130 5216
0 
1 5468
0 
0 
0 
0 
0 
0 
1 1312
0 
1 3713
0 
0 
0 
0 
1 2182
0 
0 
0 
0 
0 
0 
2 2960 3301
0 
0 
0 
0 
1 5374
1 2665
0 
0 
1 4199
0 
0 
0 
0 
1 4627
0 
0 
0 
1 999
0 
0 
0 
0 
0 
0 
0 
1 571
1 1459
0 
0 
0 
0 
1 4158
1 2827
0 
1 4430
2 2427 4457
0 
0 
0 
0 
0 
2 304 2126
1 2467
1 3161
0 
0 
1 2404
0 
1 3916
0 
0 
0 
0 
0 
0 
0 
0 
0 
0 
0 
0 
0 
0 
0 
0 
0 
2 3903 4129
0 
0 
0 
0 
0 
0 
0 
0 
0 
0 
0 
1 3494
0 
0 
0 
1 5450
0 
0 
0 
0 
0 
0 
1 4344
0 
1 2688
0 
0 
0 
0 
0 
0 
0 
0 
0 
0 
1 5228
1 4714
0 
0 
0 
0 
1 4574
1 5524
3 780 1117 5058
0 
1 3850
0 
0 
0 
0 
0 
0 
0 
0 
1 1096
0 
0 
0 
1 1683
0 
0 
0 
0 
1 269
0 
1 2006
0 
0 
1 1931
1 1350
0 
0 
0 
0 
2 1340 4041
0 
1 4462
0 
0 
1 510
0 
2 116 5383
0 
1 4990
0 
0 
0 
0 
0 
0 
0 
0 
0 
0 
0 
0 
1 115
1 219
0 
0 
0 
1 2794
1 3123
0 
1 2691
1 3352
0 
0 
0 
1 2039
0 
0 
0 
0 
0 
0 
1 242
1 4242
1 1654
0 
0 
0 
0 
0 
1 2900
1 3143
1 2479
0 
0 
0 
1 2922
0 
0 
0 
4 2338 2575 3856 4551
0 
0 
0 
0 
0 
0 
0 
1 1743
0 
0 
1 1128
0 
0 
0 
0 
0 
0 
0 
0 
0 
0 
1 1210
0 
1 2594
0 
1 271
0 
0 
0 
0 
1 2862
1 3497
0 
0 
0 
1 3646
0 
0 
0 
1 3777
0 
0 
0 
0 
0 
0 
0 
1 5075
0 
0 
0 
0 
0 
1 1542
0 
0 
0 
1 5236
0 
0 
0 
0 
0 
0 
0 
0 
0 
0 
1 2954
1 374
1 4201
0 
0 
0 
0 
0 
1 5446
0 
0 
0 
4 623 1582 4530 5291
0 
0 
0 
0 
0 
0 
0 
0 
2 3875 4160
1 795
0 
0 
0 
1 3332
0 
1 371
0 
0 
0 
0 
0 
0 
0 
0 
0 
0 
1 1474
0 
1 2476
0 
0 
0 
0 
1 2539
0 
0 
0 
0 
1 846
0 
0 
0 
0 
0 
0 
0 
0 
0 
2 3215 4391
0 
0 
0 
1 4971
1 2167
1 3414
0 
0 
0 
0 
0 
0 
0 
0 
0 
0 
0 
0 
0 
1 3855
1 4177
0 
1 748
0 
0 
0 
0 
0 
2 719 1802
1 3344
2 81 2314
1 4892
0 
1 2839
0 
1 4989
0 
0 
1 5532
0 
0 
3 2872 3154 4471
0 
0 
1 689
0 
0 
0 
0 
0 
0 
0 
0 
2 2650 5190
0 
0 
0 
0 
1 2774
0 
0 
0 
0 
2 806 2070
1 4480
0 
0 
2 1232 2309
0 
0 
0 
1 2433
1 2211
0 
0 
1 3022
0 
0 
0 
2 3613 4371
0 
0 
0 
0 
0 
2 345 5394
0 
0 
1 303
0 
0 
0 
1 1823
0 
0 
0 
0 
4 1930 1998 2256 4657
0 
0 
0 
0 
0 
0 
0 
0 
0 
0 
0 
1 3268
0 
0 
1 1941
0 
1 4873
1 4527
0 
1 508
1 1541
0 
1 1089
1 4466
1 2104
0 
1 2831
2 988 1170
0 
0 
1 1231
0 
0 
2 3954 4869
0 
0 
0 
2 2210 2567
0 
2 4674 5305
0 
0 
0 
1 352
1 1242
0 
0 
0 
0 
0 
0 
0 
0 
0 
0 
0 
0 
0 
0 
1 2924
0 
0 
1 232
1 2770
2 1436 3684
0 
1 1039
0 
1 4898
0 
0 
0 
0 
1 3596
1 1388
2 1963 2224
0 
0 
0 
0 
1 4549
0 
0 
0 
1 746
0 
0 
0 
0 
1 3090
0 
0 
0 
0 
0 
0 
2 963 5273
0 
0 
0 
0 
0 
0 
0 
0 
0 
0 
0 
0 
1 1523
0 
0 
0 
0 
0 
0 
1 2209
0 
0 
0 
1 4075
0 
0 
1 3339
1 3343
0 
0 
0 
2 907 4011
0 
0 
0 
0 
0 
0 
0 
0 
0 
0 
0 
0 
0 
0 
0 
0 
0 
0 
0 
1 394
0 
0 
0 
0 
0 
1 370
0 
0 
0 
0 
0 
0 
0 
1 4959
1 323
0 
1 1154
0 
0 
0 
0 
0 
0 
0 
1 1920
0 
0 
2 250 1304
0 
0 
0 
1 4501
0 
0 
0 
1 5284
0 
0 
0 
0 
0 
1 2981
0 
0 
0 
0 
1 3239
0 
0 
1 1310
0 
0 
0 
1 1775
0 
1 3989
2 1452 5126
0 
0 
0 
0 
0 
0 
0 
0 
1 2397
0 
0 
1 1172
0 
0 
0 
0 
1 4680
0 
0 
0 
0 
2 2321 5515
2 3647 4920
0 
0 
0 
2 562 3527
0 
1 5397
0 
0 
0 
0 
0 
1 3762
0 
0 
2 1722 2546
1 2975
0 
0 
0 
0 
0 
1 1005
0 
1 2910
0 
0 
0 
0 
0 
0 
0 
0 
0 
0 
0 
0 
0 
0 
0 
1 1814
0 
0 
0 
0 
0 
0 
0 
2 3962 4668
1 2983
0 
0 
0 
0 
0 
0 
0 
1 2470
0 
2 1062 1389
0 
0 
0 
0 
0 
1 4828
0 
0 
1 2022
1 2013
0 
1 2997
0 
0 
0 
0 
0 
0 
0 
0 
0 
0 
0 
0 
0 
2 3830 4233
3 2032 2281 2990
0 
0 
0 
0 
0 
0 
0 
0 
0 
0 
0 
0 
0 
0 
0 
0 
0 
0 
0 
0 
1 4827
0 
1 542
0 
0 
0 
1 909
0 
0 
0 
0 
1 1448
0 
1 246
0 
0 
0 
1 2720
1 1776
0 
0 
0 
1 677
1 992
0 
2 3759 4035
0 
0 
0 
1 1258
0 
0 
0 
0 
0 
0 
0 
0 
1 26
0 
3 3200 3208 4944
0 
1 4167
0 
0 
0 
0 
1 1685
2 1588 4704
0 
0 
0 
0 
0 
0 
0 
0 
0 
1 1713
0 
0 
0 
0 
1 2819
1 4393
2 85 1337
0 
0 
0 
1 1149
0 
0 
0 
0 
1 196
1 2903
0 
0 
1 1862
0 
0 
0 
0 
0 
0 
0 
0 
0 
1 3598
0 
1 407
0 
0 
0 
0 
0 
1 4575
0 
0 
0 
0 
0 
0 
1 387
0 
0 
1 2448
0 
0 
1 365
0 
0 
0 
0 
1 782
0 
1 5250
0 
1 4599
1 1113
0 
0 
0 
1 5454
0 
0 
0 
1 4205
0 
0 
0 
0 
0 
0 
0 
0 
0 
1 1584
0 
1 3670
1 2326
1 943
0 
0 
2 2780 3692
0 
0 
0 
1 5056
0 
0 
0 
1 3871
0 
0 
1 2978
0 
0 
0 
0 
0 
0 
1 3833
0 
0 
0 
0 
0 
1 2148
0 
0 
0 
1 1420
1 2507
1 5527
2 2549 3407
0 
0 
0 
0 
0 
0 
0 
0 
0 
0 
0 
0 
0 
0 
0 
1 779
0 
0 
0 
0 
0 
1 1371
1 1102
0 
0 
0 
0 
1 2165
0 
0 
0 
1 3369
0 
0 
2 921 2075
0 
1 4600
0 
0 
0 
0 
0 
1 2287
0 
0 
0 
0 
0 
0 
0 
0 
2 2457 4695
2 4741 4749
0 
0 
0 
2 210 1795
0 
0 
0 
1 114
2 2246 4463
1 2528
0 
0 
0 
2 8 4424
0 
0 
0 
0 
0 
0 
0 
0 
0 
0 
0 
0 
0 
0 
0 
0 
1 2700
1 783
0 
0 
0 
0 
2 1759 2718
0 
0 
0 
1 1854
0 
0 
0 
0 
0 
0 
0 
0 
1 4164
0 
0 
0 
0 
0 
0 
0 
0 
0 
0 
0 
9 282 364 1546 3198 3750 3861 3979 4085 4317
0 
0 
0 
0 
0 
0 
0 
0 
0 
0 
0 
0 
1 2496
0 
0 
0 
0 
1 4712
0 
0 
0 
0 
0 
1 3106
0 
0 
0 
0 
1 5384
0 
2 2508 5393
1 1686
0 
0 
0 
0 
1 2572
0 
0 
1 2053
1 228
0 
0 
0 
0 
1 5042
1 4347
0 
0 
0 
0 
0 
0 
1 532
0 
2 1943 4238
0 
0 
1 1773
0 
2 908 4590
0 
1 1033
1 1129
0 
1 2273
0 
0 
0 
0 
0 
0 
0 
1 2331
0 
0 
0 
0 
0 
1 4685
1 3517
1 3935
0 
0 
0 
0 
0 
1 834
0 
0 
1 4557
0 
0 
0 
0 
0 
0 
1 3118
0 
0 
0 
0 
0 
1 4791
1 1670
0 
1 5289
1 4301
1 5127
0 
0 
1 4004
0 
0 
0 
1 2916
0 
0 
0 
1 1469
0 
0 
0 
0 
0 
0 
0 
0 
2 777 1325
0 
0 
0 
0 
0 
0 
3 1869 3084 3109
0 
0 
0 
0 
0 
0 
0 
0 
0 
0 
0 
0 
1 3837
2 461 3624
0 
0 
0 
1 1078
0 
0 
0 
0 
0 
0 
1 3509
0 
1 1286
0 
0 
0 
0 
3 1613 3836 5086
0 
0 
0 
0 
0 
0 
0 
1 1131
0 
0 
2 3556 5017
1 2135
0 
0 
0 
0 
1 499
0 
0 
0 
1 1320
0 
0 
0 
0 
0 
0 
0 
0 
0 
0 
0 
0 
0 
1 1602
0 
0 
1 2848
0 
0 
1 1398
0 
0 
1 3927
0 
1 1718
0 
0 
0 
0 
0 
0 
0 
0 
0 
0 
0 
1 4743
0 
0 
3 110 1318 5417
0 
2 5136 5243
0 
1 3988
0 
0 
0 
0 
0 
0 
0 
0 
0 
0 
1 4592
0 
1 4789
1 2429
0 
1 1673
0 
0 
2 2682 4047
0 
0 
0 
0 
0 
0 
2 4782 4867
0 
0 
0 
1 5014
0 
0 
0 
0 
0 
0 
0 
0 
0 
0 
0 
0 
0 
0 
0 
0 
0 
0 
0 
0 
1 1104
0 
0 
0 
0 
4 761 982 2871 3415
1 1053
1 3345
0 
0 
0 
0 
1 3695
0 
0 
0 
0 
0 
0 
1 355
0 
1 3858
0 
1 187
0 
0 
0 
0 
0 
0 
0 
0 
0 
0 
0 
0 
0 
0 
0 
0 
0 
0 
0 
0 
1 775
1 4653
0 
0 
0 
0 
1 3331
0 
0 
0 
0 
2 854 2367
1 5031
1 4504
0 
0 
1 450
0 
0 
0 
0 
1 918
0 
0 
1 2944
0 
1 4821
3 967 4286 5422
0 
0 
0 
1 3148
0 
1 4979
0 
0 
1 372
0 
0 
0 
0 
0 
0 
0 
0 
0 
0 
0 
0 
0 
0 
0 
0 
0 
0 
0 
0 
0 
0 
0 
0 
0 
0 
0 
1 2170
1 4184
0 
0 
0 
0 
0 
0 
1 3516
0 
0 
1 2533
0 
0 
0 
0 
1 2016
2 4065 5061
1 3709
0 
1 2779
0 
0 
0 
1 211
2 3098 3978
0 
0 
0 
1 2515
0 
0 
0 
0 
1 3851
1 2917
0 
0 
0 
0 
0 
0 
0 
0 
0 
0 
1 4372
0 
0 
0 
0 
0 
0 
0 
1 2242
0 
0 
0 
0 
0 
1 4070
0 
0 
0 
2 933 4528
0 
1 2577
1 1301
1 1011
0 
0 
0 
0 
1 5364
0 
0 
0 
3 1195 2810 4290
0 
0 
0 
0 
1 3111
0 
1 2298
2 4521 5489
0 
1 2820
0 
0 
0 
1 50
0 
0 
0 
0 
1 5094
0 
1 2128
0 
1 2480
0 
1 5120
1 1573
0 
1 434
0 
0 
1 256
1 1288
0 
0 
2 3628 4077
0 
0 
0 
0 
1 3612
0 
0 
1 2441
0 
0 
0 
0 
0 
1 3064
1 1346
0 
1 4460
1 2294
0 
0 
0 
0 
1 3805
1 2153
0 
1 2738
1 1800
0 
0 
0 
0 
0 
0 
0 
0 
1 744
0 
0 
1 650
0 
0 
0 
0 
0 
0 
0 
0 
0 
0 
0 
0 
0 
1 699
0 
1 421
0 
0 
0 
1 2876
0 
0 
0 
0 
1 592
2 1417 1810
0 
1 4144
1 4958
0 
0 
0 
0 
0 
0 
0 
0 
1 2914
0 
0 
0 
0 
0 
0 
0 
1 4407
1 23
0 
0 
0 
0 
0 
0 
0 
0 
0 
0 
0 
0 
0 
1 4834
0 
0 
0 
0 
0 
0 
0 
2 4298 4937
0 
0 
0 
0 
0 
1 672
0 
0 
0 
0 
0 
0 
0 
0 
0 
0 
0 
0 
1 3846
1 1619
0 
0 
2 1787 3956
0 
0 
0 
0 
0 
1 5324
0 
0 
0 
1 722
0 
0 
1 2800
0 
0 
0 
0 
0 
0 
0 
2 146 615
0 
1 4824
0 
1 2084
0 
0 
2 1217 2380
1 188
3 2067 2143 5181
0 
0 
0 
0 
0 
0 
0 
1 447
1 2623
0 
0 
1 5210
0 
0 
0 
0 
0 
0 
0 
0 
0 
3 218 1394 4776
0 
0 
2 255 1510
0 
0 
1 455
0 
0 
0 
0 
0 
1 2483
0 
0 
0 
0 
1 2561
1 2962
0 
0 
0 
0 
0 
1 2865
0 
0 
0 
0 
0 
0 
0 
1 3291
0 
1 5346
0 
0 
0 
1 2694
1 4249
0 
0 
1 4055
0 
0 
1 4512
0 
0 
0 
1 3326
0 
0 
0 
0 
1 2672
0 
0 
1 265
1 1190
0 
0 
0 
0 
1 2731
0 
0 
0 
0 
0 
0 
1 4214
0 
0 
1 3350
1 4850
1 1424
0 
0 
0 
0 
0 
0 
1 4683
0 
0 
0 
0 
0 
2 3253 3940
0 
1 1628
0 
1 1838
0 
0 
1 2179
0 
0 
1 83
0 
2 319 2676
0 
0 
1 5282
1 1562
1 3459
0 
0 
0 
0 
0 
0 
0 
1 829
0 
0 
0 
0 
0 
0 
1 786
0 
0 
0 
2 4706 5353
0 
0 
1 906
0 
0 
0 
0 
0 
0 
0 
1 3466
0 
2 2499 5054
0 
0 
0 
0 
0 
0 
1 582
1 1300
0 
1 1912
0 
0 
0 
0 
0 
0 
0 
0 
0 
0 
0 
0 
0 
0 
0 
2 2825 3911
2 3230 3365
0 
0 
1 4794
0 
0 
2 2683 4025
0 
0 
0 
0 
0 
4 314 657 1006 1042
1 3399
0 
3 1068 1438 3194
0 
0 
0 
0 
0 
0 
0 
1 263
1 2431
0 
0 
1 3298
0 
0 
1 2935
0 
0 
0 
2 3203 5164
1 4748
0 
1 4087
1 2752
0 
0 
0 
0 
1 3566
1 521
0 
1 389
1 4816
0 
0 
0 
3 1016 2968 3768
0 
0 
0 
0 
0 
0 
0 
0 
0 
0 
0 
0 
0 
1 159
1 3511
0 
0 
0 
0 
0 
1 1758
0 
0 
1 3685
0 
0 
1 4879
0 
0 
0 
0 
0 
0 
0 
0 
0 
0 
1 2854
1 2463
0 
1 5465
0 
1 2626
0 
0 
0 
0 
0 
1 3493
0 
0 
0 
0 
0 
0 
0 
0 
0 
0 
2 1900 2419
4 709 1603 1644 4525
0 
1 3863
0 
0 
2 1781 2961
0 
1 2372
1 1308
0 
0 
0 
0 
1 4974
0 
0 
0 
1 4837
0 
0 
1 3389
3 103 1345 1878
0 
1 4034
0 
1 1038
0 
0 
0 
0 
1 1559
0 
0 
1 1466
0 
0 
1 2437
0 
0 
2 4192 5463
0 
0 
0 
0 
0 
0 
0 
0 
0 
0 
0 
0 
1 936
0 
0 
2 3278 5124
0 
0 
0 
3 281 1236 5220
0 
0 
2 1066 2275
1 3982
0 
0 
0 
0 
0 
0 
0 
1 5407
0 
0 
0 
1 1848
0 
1 5334
0 
0 
1 944
0 
0 
0 
0 
0 
0 
0 
0 
0 
1 5078
0 
1 151
0 
1 2486
0 
0 
0 
0 
1 492
0 
0 
1 4896
0 
0 
1 1944
0 
0 
0 
0 
0 
0 
0 
0 
1 3634
1 418
1 5029
2 605 5541
0 
0 
0 
0 
1 4470
1 4781
1 4351
0 
3 580 1918 2191
2 2469 5175
0 
0 
1 3047
0 
0 
0 
0 
0 
1 4045
0 
1 1760
0 
0 
0 
0 
1 3748
0 
1 4218
0 
0 
0 
0 
0 
1 4451
0 
0 
2 732 1428
0 
0 
1 5240
1 1367
1 1272
0 
0 
1 4140
0 
0 
0 
0 
1 464
0 
1 1907
0 
0 
0 
0 
2 1699 3919
1 2782
0 
0 
0 
0 
1 3643
0 
0 
1 2076
0 
0 
0 
0 
0 
0 
0 
0 
0 
0 
1 2381
1 4888
0 
0 
0 
0 
1 1596
1 2805
1 3122
1 3831
0 
1 4081
0 
0 
0 
0 
2 821 4262
1 2216
0 
1 1097
0 
0 
1 3341
0 
0 
0 
0 
0 
0 
0 
0 
0 
0 
0 
0 
0 
0 
0 
0 
1 3944
0 
0 
0 
0 
3 32 2856 4208
0 
1 3250
0 
0 
1 3970
0 
0 
0 
0 
0 
0 
1 3093
0 
0 
1 2123
0 
1 823
1 797
0 
0 
0 
1 2991
0 
0 
0 
0 
0 
0 
0 
0 
0 
0 
1 5497
0 
1 658
0 
0 
0 
0 
0 
0 
0 
0 
0 
0 
0 
1 3147
0 
0 
0 
0 
0 
0 
0 
0 
0 
1 1962
0 
0 
0 
0 
0 
2 788 1332
0 
1 1826
0 
0 
0 
0 
0 
0 
0 
0 
0 
0 
0 
0 
1 2949
0 
0 
0 
1 3951
0 
0 
0 
1 4320
1 3513
1 920
0 
0 
0 
0 
0 
0 
1 1825
1 3058
2 619 4547
0 
0 
0 
0 
0 
0 
0 
0 
0 
0 
0 
0 
1 2026
0 
1 44
0 
1 4584
0 
0 
1 1744
0 
0 
1 3136
0 
0 
0 
0 
1 1317
2 143 3431
1 204
0 
0 
0 
1 2768
0 
0 
1 2934
1 176
0 
0 
0 
1 3223
0 
0 
1 1106
0 
0 
0 
0 
0 
1 2276
0 
0 
0 
0 
0 
0 
0 
0 
0 
0 
0 
1 4667
0 
0 
0 
0 
0 
1 1091
0 
0 
0 
0 
1 3131
0 
0 
0 
0 
0 
0 
0 
0 
0 
0 
0 
0 
0 
0 
0 
1 1291
1 2795
0 
1 30
1 2606
0 
0 
0 
0 
0 
0 
0 
0 
0 
1 3819
0 
1 2501
0 
2 1926 5419
1 4295
0 
0 
0 
0 
0 
0 
0 
0 
0 
0 
0 
0 
0 
1 1535
2 2152 5199
1 4182
0 
0 
0 
0 
0 
1 872
0 
0 
0 
0 
0 
0 
3 784 3584 4169
1 4054
0 
0 
0 
0 
0 
1 1853
0 
0 
0 
2 3499 3703
0 
0 
0 
0 
0 
0 
0 
0 
0 
0 
0 
0 
0 
0 
1 865
1 3541
0 
0 
0 
1 513
0 
0 
2 3817 4483
1 5350
0 
0 
0 
0 
0 
1 4115
0 
0 
0 
0 
0 
0 
0 
0 
0 
0 
0 
0 
0 
0 
1 2684
1 3279
0 
0 
0 
1 3317
1 286
0 
0 
0 
3 186 2341 4602
1 244
0 
1 3897
1 2642
1 2502
0 
0 
0 
1 2101
0 
0 
0 
0 
1 2950
0 
0 
0 
0 
0 
0 
1 3838
0 
0 
0 
0 
0 
0 
0 
0 
0 
0 
0 
0 
0 
0 
1 4750
0 
0 
0 
0 
0 
0 
2 849 3650
0 
0 
1 4946
0 
0 
0 
0 
0 
2 3055 3752
0 
0 
0 
0 
0 
3 1576 2045 3592
0 
0 
0 
0 
2 446 2680
0 
0 
0 
0 
1 880
3 1051 2625 4007
1 3361
0 
1 3763
1 2609
0 
0 
2 830 1952
0 
0 
0 
0 
0 
0 
0 
0 
0 
0 
0 
0 
1 1512
1 758
0 
2 3627 4091
1 662
2 4183 4956
1 2522
0 
1 1060
1 1976
0 
0 
0 
0 
1 792
0 
1 3469
0 
0 
1 3942
0 
0 
0 
1 3572
0 
0 
1 4725
0 
0 
0 
0 
0 
1 3314
0 
0 
1 5528
0 
1 4464
0 
1 4012
0 
1 3312
1 3029
2 2643 3212
0 
1 97
0 
0 
0 
0 
0 
0 
0 
0 
1 889
0 
0 
0 
0 
1 837
0 
0 
0 
0 
0 
0 
1 1637
0 
0 
0 
0 
2 4166 4715
0 
0 
0 
0 
0 
0 
0 
1 4503
1 337
0 
0 
0 
1 4440
0 
1 541
1 1997
1 5148
0 
0 
0 
0 
4 297 1624 1697 1984
0 
0 
2 1831 3374
1 2141
0 
2 1856 2385
0 
1 5032
0 
0 
0 
0 
0 
0 
0 
1 1193
0 
1 2124
0 
0 
1 4125
1 685
0 
1 1901
0 
1 5007
0 
0 
0 
1 3138
0 
0 
0 
0 
0 
0 
0 
0 
0 
0 
0 
0 
0 
0 
1 3207
0 
0 
0 
0 
1 373
0 
0 
0 
0 
0 
0 
0 
0 
0 
0 
1 1099
0 
0 
0 
0 
0 
1 552
0 
0 
0 
0 
0 
0 
0 
0 
0 
0 
1 3305
1 5537
0 
0 
0 
0 
0 
0 
0 
0 
0 
0 
0 
1 2808
1 2892
1 4807
0 
0 
0 
0 
0 
0 
0 
0 
0 
0 
1 4394
0 
0 
0 
0 
0 
0 
1 3501
1 1254
0 
0 
1 2098
0 
0 
1 4578
0 
2 3242 5322
0 
0 
0 
1 1913
0 
0 
0 
0 
0 
0 
0 
1 4904
0 
1 207
0 
1 1225
0 
0 
0 
0 
0 
1 2943
1 973
0 
0 
0 
0 
0 
1 474
0 
0 
0 
0 
0 
1 4475
0 
0 
0 
0 
0 
0 
0 
0 
0 
0 
0 
0 
0 
0 
0 
0 
0 
0 
0 
0 
0 
0 
1 3913
2 1396 2466
2 90 994
1 3201
0 
0 
0 
0 
0 
0 
0 
0 
0 
0 
0 
0 
0 
0 
3 586 4950 5399
0 
1 2159
0 
0 
0 
0 
0 
0 
1 3385
0 
0 
0 
0 
0 
0 
0 
0 
0 
0 
1 2510
0 
0 
1 3159
0 
0 
0 
0 
0 
0 
0 
0 
0 
1 1480
0 
0 
0 
0 
0 
0 
0 
0 
0 
1 5348
1 1471
0 
1 2086
0 
0 
0 
1 2459
0 
0 
0 
0 
0 
0 
1 1202
0 
1 3462
0 
0 
1 1004
1 452
1 4894
1 584
0 
0 
0 
1 1028
0 
0 
0 
0 
0 
0 
0 
0 
1 2391
1 5377
0 
0 
0 
0 
0 
2 2284 4161
0 
0 
0 
1 570
1 2723
0 
0 
0 
1 4949
0 
0 
0 
0 
0 
0 
0 
0 
1 3265
0 
1 1086
0 
0 
0 
0 
0 
0 
0 
0 
0 
0 
1 3300
1 1601
0 
1 2428
0 
0 
1 7
1 4995
0 
1 298
2 466 4555
1 4886
0 
1 484
1 4857
0 
1 4943
1 2239
0 
0 
0 
1 1324
0 
0 
0 
0 
0 
0 
0 
0 
0 
0 
0 
1 4734
0 
0 
1 4340
0 
1 449
2 1752 1834
0 
0 
0 
1 1652
0 
0 
0 
0 
1 590
0 
0 
1 3844
0 
1 4162
0 
0 
0 
0 
0 
1 5151
1 465
0 
0 
0 
1 3175
0 
0 
0 
0 
1 2183
0 
0 
0 
0 
0 
0 
0 
1 769
0 
0 
0 
0 
0 
0 
0 
2 4992 5279
0 
0 
0 
0 
0 
0 
0 
1 4352
0 
1 1641
0 
1 3165
1 2387
0 
0 
1 3158
0 
0 
1 1680
0 
1 1250
0 
1 3173
0 
0 
0 
0 
0 
0 
0 
0 
1 2270
0 
0 
0 
0 
1 4885
0 
0 
0 
0 
0 
0 
0 
0 
0 
2 1597 2015
1 3171
0 
1 2490
0 
1 3816
0 
2 545 4283
0 
0 
2 928 3884
0 
0 
1 705
0 
0 
0 
0 
0 
0 
0 
0 
1 2998
1 656
1 2807
0 
0 
0 
1 2087
0 
0 
2 628 1197
0 
0 
1 5500
0 
0 
0 
1 2596
0 
0 
0 
0 
0 
0 
0 
0 
0 
0 
0 
0 
0 
0 
0 
0 
0 
0 
1 493
0 
0 
0 
1 2027
0 
0 
0 
0 
0 
0 
0 
0 
0 
0 
1 5035
0 
0 
0 
1 3512
0 
0 
0 
0 
0 
0 
0 
0 
1 3697
0 
0 
0 
0 
0 
0 
0 
0 
0 
0 
0 
3 2850 3636 5142
0 
0 
0 
1 2307
0 
1 3704
0 
0 
1 4050
0 
1 3384
0 
1 1126
0 
0 
0 
0 
0 
0 
0 
0 
1 3921
0 
1 4292
0 
0 
1 980
0 
0 
0 
0 
1 1648
0 
0 
0 
1 4577
0 
1 972
1 5333
0 
0 
1 1852
3 2293 2889 5160
0 
0 
0 
0 
1 1615
0 
0 
0 
0 
0 
0 
0 
0 
0 
0 
0 
0 
0 
0 
0 
0 
0 
0 
0 
0 
0 
0 
0 
0 
0 
0 
0 
0 
0 
0 
0 
0 
0 
0 
0 
0 
0 
0 
0 
1 781
0 
0 
0 
0 
0 
0 
0 
0 
1 2670
0 
0 
0 
0 
1 428
0 
0 
1 1224
0 
0 
0 
0 
0 
0 
0 
0 
0 
0 
0 
0 
0 
0 
2 68 1359
0 
0 
0 
0 
0 
0 
0 
0 
0 
0 
0 
0 
0 
0 
0 
0 
1 2420
0 
0 
0 
0 
0 
0 
0 
0 
1 3642
0 
0 
0 
0 
0 
0 
0 
0 
0 
0 
0 
0 
0 
0 
2 1608 5157
1 3353
0 
1 991
0 
1 5379
1 4172
1 4659
0 
0 
0 
0 
1 2556
0 
1 440
0 
0 
0 
1 4925
0 
0 
0 
2 2928 4064
0 
2 512 2744
1 4190
1 2631
0 
0 
1 2001
2 1575 4529
0 
0 
0 
0 
0 
0 
0 
0 
0 
0 
0 
0 
0 
0 
0 
0 
0 
0 
3 1996 2622 3489
0 
0 
0 
0 
1 3981
0 
0 
1 4647
0 
1 4277
1 2788
0 
0 
1 2767
0 
0 
0 
0 
0 
0 
0 
1 1725
0 
0 
0 
0 
0 
0 
0 
0 
0 
0 
4 2454 3416 5006 5185
0 
0 
0 
0 
1 2902
1 3031
1 3053
0 
0 
3 1307 3233 5050
0 
0 
0 
0 
2 745 1958
1 4893
1 3586
0 
0 
1 3872
0 
0 
0 
0 
0 
0 
0 
2 1386 4478
0 
0 
0 
0 
0 
0 
2 1971 4189
0 
0 
0 
1 62
0 
0 
0 
0 
1 3238
0 
1 5255
0 
1 3145
0 
0 
0 
0 
0 
0 
0 
0 
0 
1 4153
0 
1 2634
0 
0 
1 1668
0 
0 
0 
2 1475 4366
0 
0 
1 147
2 3475 5503
1 4556
2 1074 4538
1 4130
0 
0 
0 
0 
1 5476
2 2041 2784
0 
0 
0 
0 
0 
0 
1 4620
0 
0 
0 
0 
0 
0 
0 
1 4306
0 
1 4191
0 
0 
0 
0 
1 2993
1 667
0 
0 
1 1156
0 
0 
0 
0 
1 5425
0 
0 
1 4686
0 
0 
0 
2 947 4097
0 
0 
0 
0 
2 2482 2661
0 
0 
0 
1 4421
0 
1 299
0 
0 
1 3914
0 
1 1186
1 5191
1 4751
1 3910
0 
0 
1 5458
0 
0 
1 2304
0 
0 
0 
1 2251
0 
0 
1 2365
1 613
2 317 3847
0 
0 
0 
0 
1 841
0 
0 
1 12
0 
0 
0 
0 
0 
1 58
0 
0 
1 4448
0 
0 
1 4336
0 
0 
0 
0 
0 
0 
0 
0 
0 
0 
0 
0 
1 5100
0 
0 
0 
1 4124
0 
1 181
0 
0 
0 
0 
0 
0 
1 3003
0 
1 4213
0 
0 
0 
0 
1 3186
0 
0 
0 
0 
1 2711
0 
1 2083
0 
0 
0 
0 
0 
0 
0 
0 
0 
0 
0 
0 
1 2393
0 
1 362
0 
0 
0 
0 
1 630
0 
0 
1 4558
0 
0 
0 
0 
0 
1 3264
0 
1 3809
1 3961
0 
1 695
1 2414
0 
0 
0 
0 
0 
0 
0 
1 1079
0 
0 
0 
0 
0 
0 
0 
0 
1 2319
0 
0 
1 5385
0 
0 
0 
0 
0 
0 
0 
0 
0 
0 
0 
1 3257
0 
0 
1 0
0 
0 
0 
0 
0 
0 
0 
1 4703
0 
0 
0 
0 
0 
0 
1 5510
0 
0 
0 
0 
1 3127
0 
0 
0 
0 
0 
0 
0 
2 1861 2430
1 1088
0 
0 
0 
0 
4 634 1989 2355 5436
1 150
0 
0 
0 
0 
0 
0 
0 
0 
0 
0 
0 
0 
0 
0 
0 
0 
0 
1 3133
0 
0 
0 
0 
0 
0 
0 
0 
1 64
0 
1 1151
0 
0 
0 
0 
0 
0 
0 
0 
1 5547
0 
0 
0 
0 
0 
0 
0 
0 
0 
0 
0 
1 2828
2 2778 5226
0 
0 
0 
0 
1 2677
0 
1 1950
1 4096
1 3302
0 
0 
1 67
0 
1 1885
0 
0 
1 4696
0 
0 
1 2245
0 
1 1375
0 
0 
0 
0 
0 
0 
0 
0 
0 
1 3209
0 
2 2796 4200
0 
0 
0 
0 
0 
0 
0 
0 
0 
0 
0 
0 
0 
0 
0 
0 
2 3180 3241
0 
0 
0 
0 
1 55
0 
0 
0 
0 
1 5491
0 
0 
0 
0 
0 
0 
1 1519
0 
0 
0 
0 
0 
0 
0 
1 3895
0 
0 
0 
0 
0 
0 
0 
0 
0 
0 
1 4312
0 
0 
0 
0 
1 4341
0 
0 
0 
1 3601
0 
1 3959
0 
0 
0 
0 
0 
0 
0 
0 
1 4486
0 
0 
0 
0 
0 
1 1390
1 127
0 
0 
0 
0 
0 
1 5231
0 
0 
0 
0 
0 
0 
0 
0 
0 
1 1732
0 
0 
0 
1 1840
0 
0 
0 
0 
0 
0 
0 
1 5223
2 1160 3355
0 
0 
0 
1 4008
0 
1 3677
0 
0 
0 
0 
0 
0 
0 
0 
0 
0 
0 
0 
0 
0 
2 1321 2289
0 
0 
0 
0 
1 3938
1 2669
0 
0 
0 
0 
0 
1 3717
0 
0 
1 5494
1 305
1 3196
1 1243
0 
0 
0 
0 
0 
0 
0 
0 
0 
1 898
2 539 3009
0 
0 
0 
0 
0 
0 
0 
0 
0 
0 
0 
1 4155
0 
0 
0 
0 
0 
0 
1 202
0 
0 
1 1808
0 
0 
0 
0 
0 
0 
0 
0 
0 
0 
0 
0 
0 
0 
0 
0 
0 
0 
0 
0 
0 
1 3726
0 
0 
0 
0 
0 
1 1616
0 
0 
0 
0 
0 
0 
0 
0 
0 
0 
0 
1 1090
0 
0 
0 
0 
0 
0 
0 
0 
0 
0 
1 2953
0 
0 
0 
0 
0 
0 
0 
2 5205 5534
1 937
0 
0 
0 
1 3396
0 
0 
0 
0 
0 
0 
0 
0 
0 
2 349 4175
0 
1 5292
2 1442 2895
0 
0 
0 
2 2011 5380
0 
1 2717
0 
0 
1 4903
1 4502
0 
0 
1 4104
0 
0 
1 4133
1 377
0 
0 
0 
0 
0 
0 
0 
0 
0 
0 
0 
0 
1 549
0 
0 
0 
0 
0 
0 
0 
1 3418
0 
0 
0 
0 
0 
0 
2 153 1341
0 
0 
1 4474
0 
0 
0 
0 
0 
0 
0 
0 
0 
0 
0 
0 
0 
1 36
0 
0 
0 
1 1956
0 
0 
1 5183
0 
1 1708
0 
0 
0 
0 
0 
0 
0 
0 
0 
3 537 1377 3454
0 
1 2484
0 
0 
1 4409
0 
0 
0 
0 
0 
0 
0 
0 
0 
1 2205
0 
0 
1 2180
1 4562
0 
0 
0 
1 5309
0 
1 934
0 
0 
1 4216
0 
1 1235
0 
0 
0 
0 
0 
0 
0 
0 
0 
1 3534
1 1625
0 
0 
1 770
0 
0 
1 1171
1 540
0 
0 
0 
0 
0 
0 
0 
0 
0 
0 
0 
0 
0 
1 4355
0 
2 1733 2946
2 4245 4692
0 
0 
0 
1 2544
0 
1 60
0 
0 
0 
0 
1 4258
0 
0 
1 3088
0 
1 3867
0 
1 4870
0 
0 
1 1687
0 
0 
0 
0 
0 
0 
0 
1 2055
0 
0 
1 3105
1 5027
1 4494
0 
1 2384
0 
0 
0 
0 
0 
0 
0 
0 
1 3559
0 
0 
0 
0 
1 815
0 
0 
0 
1 4672
1 425
0 
0 
0 
0 
0 
2 1173 4508
1 1969
0 
0 
0 
0 
0 
0 
0 
1 5442
0 
0 
0 
0 
0 
4 555 1059 4670 5080
0 
0 
0 
0 
0 
0 
0 
0 
0 
0 
1 1768
0 
0 
0 
2 731 2913
1 5386
0 
0 
0 
1 1454
0 
1 1506
0 
0 
1 5371
1 2712
0 
0 
0 
0 
0 
1 2090
0 
0 
0 
0 
0 
0 
0 
0 
1 3740
0 
0 
0 
1 3222
0 
0 
0 
0 
1 3629
0 
2 2769 2799
1 1753
0 
0 
1 3690
0 
0 
1 57
0 
0 
0 
0 
0 
0 
0 
4 989 1948 3046 5522
0 
0 
0 
0 
0 
0 
0 
0 
0 
0 
0 
0 
0 
0 
0 
0 
1 498
0 
0 
0 
0 
0 
0 
1 2208
0 
1 612
0 
0 
0 
0 
0 
0 
0 
0 
0 
0 
0 
0 
0 
0 
1 3023
1 1635
0 
0 
0 
0 
0 
2 5018 5482
1 3953
0 
1 5167
1 5010
0 
0 
0 
0 
2 2652 3998
0 
0 
1 2863
0 
0 
0 
0 
0 
0 
0 
0 
1 4826
0 
0 
0 
0 
0 
1 1978
1 1939
0 
0 
0 
0 
0 
0 
1 2994
0 
1 3224
1 1376
0 
0 
0 
1 1851
1 2193
0 
0 
0 
1 4092
0 
0 
0 
0 
2 737 3179
0 
0 
0 
1 5381
0 
0 
1 369
0 
0 
1 1884
0 
0 
0 
1 4545
0 
0 
0 
0 
0 
0 
0 
0 
1 4329
0 
1 5015
0 
0 
1 1297
0 
0 
0 
0 
1 5283
0 
0 
0 
0 
0 
0 
0 
0 
0 
0 
1 3637
0 
0 
0 
0 
0 
0 
0 
0 
0 
0 
0 
0 
0 
0 
0 
0 
0 
0 
0 
1 1237
0 
1 3189
0 
1 4966
0 
0 
0 
0 
0 
0 
0 
0 
0 
0 
0 
0 
0 
0 
1 3395
0 
0 
0 
1 5195
0 
0 
0 
1 3304
0 
1 4151
1 647
1 4141
0 
2 1712 2635
0 
0 
0 
0 
0 
0 
0 
0 
0 
0 
1 495
0 
1 3778
0 
0 
1 257
0 
0 
0 
0 
0 
0 
0 
0 
0 
1 1983
1 1065
1 4353
0 
0 
0 
0 
0 
0 
1 5253
1 3438
0 
0 
0 
0 
0 
1 747
0 
0 
0 
0 
0 
0 
0 
0 
1 213
0 
0 
0 
0 
1 2979
0 
0 
0 
0 
0 
0 
0 
0 
0 
0 
0 
0 
0 
0 
1 3604
0 
0 
1 4450
0 
0 
1 243
0 
0 
0 
1 3153
0 
0 
1 393
0 
0 
0 
0 
0 
1 4473
0 
0 
0 
0 
1 1511
0 
1 3228
0 
0 
0 
0 
1 702
1 1696
0 
0 
0 
1 3900
0 
0 
0 
1 3733
0 
2 1100 3510
0 
0 
1 3412
2 1263 1716
1 2040
0 
0 
0 
0 
1 698
1 1101
1 2487
0 
0 
0 
1 3705
0 
0 
2 4540 4815
0 
0 
0 
0 
0 
0 
0 
0 
0 
1 5408
0 
0 
2 2911 3287
0 
1 2759
0 
0 
0 
0 
0 
0 
0 
0 
0 
0 
0 
0 
0 
0 
0 
2 1860 3019
0 
0 
0 
0 
0 
0 
0 
1 2012
0 
0 
0 
1 4687
0 
0 
0 
0 
0 
0 
0 
1 4911
0 
0 
0 
0 
0 
1 3243
0 
0 
1 5090
0 
1 931
0 
0 
0 
0 
0 
0 
0 
0 
0 
0 
0 
0 
0 
0 
0 
0 
0 
0 
0 
0 
0 
1 120
1 1820
0 
0 
0 
0 
0 
1 382
1 787
0 
0 
1 4122
0 
0 
1 1762
0 
0 
0 
0 
0 
0 
0 
0 
0 
0 
0 
0 
0 
1 1196
0 
0 
1 3229
0 
1 755
1 3583
0 
0 
1 1922
0 
0 
0 
0 
0 
0 
0 
0 
1 1827
0 
1 1246
0 
0 
0 
0 
1 1360
0 
0 
0 
0 
0 
0 
0 
0 
0 
0 
1 3906
0 
1 4621
0 
1 2149
1 1590
1 897
1 2277
0 
0 
0 
0 
1 4498
0 
0 
0 
0 
0 
0 
0 
0 
0 
1 887
0 
0 
1 1369
1 5072
0 
0 
1 2306
1 5209
0 
0 
0 
1 2110
0 
0 
0 
0 
0 
0 
0 
0 
0 
0 
0 
1 4274
1 682
1 3377
0 
0 
0 
1 5361
0 
0 
0 
0 
1 617
2 2612 5336
0 
0 
0 
0 
0 
0 
0 
1 1495
0 
0 
0 
0 
0 
0 
0 
0 
0 
0 
0 
0 
1 3211
0 
2 785 5262
0 
0 
0 
0 
0 
0 
0 
0 
0 
2 1136 4365
0 
0 
0 
1 1295
1 4632
0 
0 
0 
0 
0 
1 4339
0 
0 
0 
0 
0 
1 86
0 
0 
1 5122
1 2704
0 
0 
0 
1 398
0 
2 222 4033
0 
0 
0 
0 
1 3297
1 3766
0 
0 
0 
0 
1 1536
0 
0 
0 
0 
0 
0 
0 
0 
0 
0 
0 
0 
1 2590
0 
1 561
0 
0 
0 
1 53
1 380
0 
0 
1 4401
0 
0 
0 
1 945
0 
0 
1 1735
0 
0 
0 
0 
0 
0 
0 
1 3792
0 
0 
0 
0 
0 
0 
1 3284
1 3881
1 3174
0 
1 3266
0 
0 
0 
0 
0 
0 
0 
1 5239
1 4641
1 4910
0 
1 5052
0 
2 415 2346
0 
0 
0 
0 
4 3453 5147 5267 5467
0 
0 
0 
0 
0 
0 
1 1334
0 
0 
0 
0 
0 
0 
1 3437
0 
0 
0 
0 
0 
1 5149
0 
0 
1 3471
1 4596
0 
1 4614
0 
0 
0 
1 3931
1 1667
0 
1 1048
0 
0 
0 
0 
0 
1 2423
0 
0 
0 
0 
0 
0 
1 131
0 
0 
0 
0 
1 734
0 
0 
2 1349 1595
0 
0 
0 
0 
0 
0 
0 
0 
1 1269
1 3620
0 
0 
0 
0 
0 
0 
0 
0 
0 
0 
0 
0 
0 
0 
0 
0 
0 
1 4669
0 
0 
2 2347 5004
0 
0 
0 
0 
1 472
1 241
1 5202
0 
1 4882
0 
0 
0 
0 
0 
1 4168
0 
0 
0 
0 
0 
0 
1 4147
0 
0 
0 
0 
0 
0 
0 
0 
0 
0 
0 
0 
0 
0 
0 
0 
0 
0 
2 4150 5019
0 
1 3614
0 
1 1188
0 
2 864 3580
0 
1 1754
1 1445
0 
0 
0 
0 
0 
0 
0 
0 
0 
1 5390
1 5030
1 3673
0 
0 
0 
0 
0 
0 
0 
0 
0 
0 
0 
0 
0 
0 
0 
0 
1 4404
0 
1 2142
0 
0 
0 
1 3936
1 1847
0 
1 3719
0 
0 
1 2363
0 
0 
1 289
0 
0 
1 275
0 
0 
0 
1 2047
0 
0 
0 
0 
0 
0 
0 
1 4143
0 
0 
0 
0 
0 
0 
0 
0 
0 
0 
0 
1 627
0 
0 
0 
1 1348
0 
0 
0 
0 
0 
1 392
1 3813
0 
0 
0 
2 527 1555
0 
0 
0 
1 4537
0 
0 
1 5481
1 3378
0 
0 
0 
0 
0 
0 
0 
0 
0 
0 
0 
0 
0 
1 121
0 
0 
1 3199
0 
0 
1 1387
1 4646
0 
0 
0 
0 
0 
0 
0 
0 
0 
0 
1 1675
0 
0 
0 
0 
1 252
0 
1 5549
0 
0 
0 
0 
0 
0 
0 
0 
0 
1 2956
0 
0 
0 
1 4890
0 
0 
0 
0 
0 
0 
0 
0 
0 
0 
1 1077
0 
0 
1 4171
0 
0 
1 5502
0 
0 
0 
0 
0 
0 
0 
0 
1 480
0 
0 
1 473
0 
0 
0 
0 
2 378 2663
0 
0 
0 
0 
3 895 1443 2398
1 3707
0 
0 
0 
2 4403 5545
0 
0 
1 453
0 
0 
0 
0 
0 
0 
0 
0 
0 
0 
1 2200
0 
0 
0 
1 1418
0 
0 
0 
0 
0 
0 
0 
1 4975
1 3108
1 664
0 
0 
0 
0 
0 
0 
0 
1 5347
1 1162
0 
2 984 2217
0 
0 
0 
0 
0 
2 4863 5276
1 5084
1 3617
0 
0 
0 
0 
0 
1 876
0 
0 
0 
1 3571
1 1528
1 1841
0 
0 
1 1093
1 456
2 2896 3435
0 
0 
0 
0 
1 2974
0 
0 
1 3908
1 4868
0 
1 5200
0 
0 
1 1655
0 
0 
0 
0 
0 
0 
0 
1 2659
0 
0 
1 3051
0 
0 
0 
0 
1 4532
0 
0 
0 
0 
0 
0 
0 
0 
0 
0 
0 
0 
0 
0 
0 
1 3358
0 
1 1017
0 
0 
2 871 2709
1 1124
0 
2 1891 5025
1 1574
0 
0 
0 
0 
0 
0 
0 
0 
0 
0 
0 
0 
0 
2 78 4822
1 2285
0 
2 1464 3661
1 1821
1 2188
1 3829
1 1991
1 4106
1 2214
1 470
0 
1 5118
0 
0 
0 
1 4582
3 2057 2551 4248
0 
1 654
0 
1 4690
2 2283 4961
1 1107
3 771 1025 3006
3 2092 2144 3928
0 
2 3388 3874
1 3249
1 4589
0 
0 
1 2324
1 862
1 3261
0 
0 
0 
0 
0 
0 
0 
1 200
1 3680
2 2802 4742
2 1551 3665
2 3464 4111
1 1213
0 
0 
1 2605
0 
0 
1 3461
1 3893
1 1313
0 
1 4318
0 
0 
2 2849 4509
0 
2 2345 4610
1 1658
1 302
0 
2 576 1257
1 2175
0 
1 4651
0 
0 
0 
1 2836
2 606 2621
0 
0 
1 1230
0 
0 
0 
0 
0 
0 
0 
1 1739
0 
0 
0 
0 
0 
0 
0 
0 
1 1476
0 
0 
0 
0 
4 2443 2821 2867 4384
1 1676
0 
0 
0 
1 342
0 
0 
0 
0 
0 
0 
1 488
1 4255
0 
0 
1 1203
1 4900
2 3868 4758
0 
0 
0 
0 
1 2025
0 
0 
2 1402 3860
0 
1 4571
1 5254
1 707
0 
1 848
0 
2 712 1632
0 
1 5496
1 1547
0 
0 
0 
0 
0 
0 
1 4330
0 
0 
0 
0 
0 
0 
0 
0 
0 
1 2352
0 
0 
1 4874
2 2187 2218
1 535
0 
0 
0 
0 
0 
0 
0 
0 
0 
0 
0 
1 639
0 
0 
0 
0 
1 4390
0 
0 
0 
0 
0 
1 3681
0 
0 
0 
0 
0 
0 
0 
1 5144
0 
0 
0 
2 1 5323
0 
0 
0 
0 
0 
0 
0 
0 
0 
0 
0 
1 3946
0 
1 4777
0 
3 1050 3764 4759
2 618 5134
0 
0 
0 
0 
0 
0 
1 652
1 5272
0 
0 
2 19 4420
0 
0 
0 
0 
0 
1 2302
0 
0 
2 4548 4594
0 
0 
0 
0 
0 
0 
1 1081
0 
0 
2 1227 1422
0 
0 
0 
0 
1 31
0 
1 2279
0 
0 
0 
0 
0 
0 
0 
0 
0 
0 
1 3810
2 4328 5280
0 
0 
0 
0 
0 
0 
0 
0 
1 5105
0 
0 
0 
0 
0 
1 312
0 
0 
0 
0 
1 3524
0 
0 
0 
0 
0 
0 
0 
0 
0 
1 2147
0 
1 1361
0 
2 502 2118
0 
1 4250
0 
0 
0 
0 
0 
0 
0 
1 5357
0 
0 
0 
1 893
0 
2 1702 4068
0 
0 
0 
1 4370
0 
0 
0 
0 
0 
0 
0 
1 1185
0 
0 
0 
0 
0 
1 3632
0 
0 
0 
0 
0 
0 
1 3037
1 4513
0 
0 
0 
0 
1 4611
0 
0 
0 
1 1465
0 
0 
0 
0 
3 9 4275 4559
1 1455
1 3135
1 462
1 3623
0 
0 
0 
0 
0 
0 
0 
0 
0 
0 
2 2257 3038
1 3896
0 
0 
0 
1 16
0 
2 954 3329
0 
0 
0 
0 
0 
0 
0 
0 
1 469
0 
4 2095 2156 2918 5116
1 5099
0 
0 
0 
0 
0 
0 
0 
0 
0 
0 
1 3955
0 
1 361
0 
0 
0 
0 
0 
0 
0 
0 
0 
0 
0 
0 
0 
0 
0 
0 
0 
0 
0 
0 
1 5368
2 192 306
1 2587
0 
0 
0 
0 
0 
0 
0 
0 
0 
0 
0 
0 
0 
1 631
0 
0 
0 
0 
0 
1 840
0 
1 3020
0 
0 
0 
0 
0 
0 
2 4441 4708
1 1164
1 1777
0 
0 
0 
0 
0 
1 2673
0 
1 3206
0 
0 
0 
0 
1 5093
0 
0 
0 
1 5277
0 
0 
0 
0 
0 
1 3945
0 
0 
1 1329
0 
0 
0 
1 1927
1 3558
0 
0 
0 
0 
0 
1 2452
0 
0 
1 1649
0 
0 
0 
1 1240
0 
0 
0 
0 
0 
0 
0 
0 
0 
0 
0 
0 
0 
0 
0 
1 2604
2 969 1294
0 
0 
0 
0 
0 
0 
0 
0 
0 
0 
2 350 3089
0 
4 2509 3204 3738 5121
0 
0 
1 622
1 3128
0 
0 
1 1182
0 
0 
0 
0 
0 
0 
0 
2 772 2402
0 
0 
1 1080
0 
0 
0 
0 
0 
0 
0 
0 
0 
0 
0 
0 
1 3667
0 
0 
1 1220
0 
0 
0 
1 836
0 
0 
0 
0 
0 
0 
0 
0 
0 
0 
0 
0 
0 
1 939
0 
0 
0 
0 
0 
1 1037
2 4226 5487
0 
0 
0 
0 
1 2312
1 3164
0 
1 692
0 
0 
0 
0 
0 
0 
0 
0 
0 
0 
1 2753
0 
0 
0 
0 
1 4881
1 720
0 
0 
0 
0 
0 
0 
0 
0 
0 
0 
0 
0 
0 
0 
0 
0 
0 
0 
1 3086
0 
0 
0 
0 
0 
0 
0 
3 1431 3383 5187
0 
0 
0 
0 
0 
0 
0 
0 
0 
0 
0 
0 
0 
0 
1 2835
0 
0 
1 578
0 
0 
1 860
0 
1 3075
0 
0 
0 
0 
0 
0 
0 
1 1287
0 
0 
0 
1 426
0 
1 1233
1 3290
0 
0 
0 
0 
1 3947
1 1508
0 
0 
0 
0 
1 2558
2 1279 2735
0 
0 
0 
1 5308
0 
1 2716
0 
1 5297
1 3067
1 3137
1 517
1 1444
0 
0 
1 1692
1 2007
0 
0 
0 
0 
1 3427
0 
0 
2 336 4342
0 
0 
0 
0 
0 
1 2789
0 
0 
0 
1 2893
0 
0 
0 
0 
0 
0 
0 
1 3996
0 
0 
0 
0 
1 5103
0 
1 4223
0 
0 
0 
0 
0 
0 
0 
0 
1 274
0 
0 
0 
0 
0 
1 1972
0 
0 
0 
0 
0 
0 
0 
0 
1 851
0 
0 
0 
0 
0 
0 
0 
0 
0 
0 
1 5366
0 
1 5248
0 
0 
0 
0 
0 
0 
0 
0 
0 
0 
0 
0 
0 
0 
0 
0 
1 3526
1 1568
2 46 2268
0 
0 
0 
0 
0 
0 
1 5376
0 
0 
0 
0 
0 
2 4194 4361
1 2327
1 2921
0 
0 
0 
0 
0 
0 
0 
0 
0 
0 
1 3843
1 2313
0 
0 
0 
0 
1 239
0 
0 
0 
0 
0 
0 
0 
1 2823
1 3144
0 
0 
0 
0 
0 
0 
0 
0 
0 
1 128
1 1290
0 
0 
0 
0 
0 
0 
0 
1 4346
2 2742 3445
0 
0 
0 
2 2531 4764
0 
1 4136
0 
0 
0 
1 858
0 
0 
0 
0 
0 
2 2265 3327
1 2971
0 
2 4981 5172
0 
1 2600
0 
0 
0 
0 
0 
0 
0 
0 
1 4721
0 
0 
0 
0 
1 475
0 
1 5227
0 
0 
1 1084
1 2699
0 
0 
0 
0 
0 
0 
1 3754
0 
0 
0 
0 
0 
0 
1 3590
0 
0 
1 2020
0 
0 
0 
0 
0 
1 2965
0 
1 4593
0 
0 
0 
2 38 3425
0 
1 2671
0 
0 
0 
1 4737
0 
0 
0 
0 
0 
0 
0 
0 
0 
0 
0 
0 
0 
0 
1 2300
0 
0 
0 
0 
0 
0 
0 
2 3195 5356
0 
0 
1 4507
5 877 1035 3434 3994 4719
1 681
0 
0 
0 
0 
0 
0 
0 
0 
1 4812
0 
1 5405
1 4127
1 3005
0 
1 572
0 
0 
1 2984
1 5443
0 
0 
0 
1 553
1 4042
0 
2 763 1282
0 
0 
1 3391
0 
0 
0 
0 
1 295
0 
0 
0 
0 
0 
0 
0 
0 
0 
0 
0 
0 
1 3852
0 
0 
0 
0 
0 
0 
1 4432
0 
1 2360
0 
0 
1 360
0 
0 
0 
0 
1 3491
0 
1 395
1 1483
0 
0 
0 
0 
0 
0 
0 
0 
0 
1 1631
0 
0 
0 
0 
0 
0 
1 1728
0 
1 5369
0 
0 
1 1366
0 
0 
1 1094
0 
0 
1 1933
0 
1 33
0 
1 2108
0 
0 
0 
0 
0 
0 
0 
2 1691 2235
0 
0 
0 
0 
0 
1 2874
0 
0 
0 
0 
0 
0 
0 
1 2171
2 2351 5332
0 
0 
0 
0 
0 
1 321
1 3985
0 
0 
0 
0 
0 
0 
0 
1 2755
1 3348
0 
0 
1 5051
1 4203
0 
0 
0 
1 3477
1 2151
0 
0 
2 1659 4051
0 
1 2440
0 
1 4838
0 
0 
0 
0 
1 3549
0 
1 4628
0 
0 
0 
0 
0 
0 
0 
0 
0 
0 
0 
0 
1 3698
0 
0 
0 
1 3950
0 
1 4078
0 
1 3375
1 2369
0 
0 
0 
0 
0 
0 
0 
0 
0 
0 
0 
0 
0 
1 2503
0 
0 
0 
0 
0 
0 
0 
0 
0 
0 
0 
0 
0 
1 4308
0 
0 
0 
0 
0 
0 
0 
0 
0 
0 
0 
0 
0 
1 1247
0 
0 
0 
0 
0 
0 
0 
0 
0 
0 
0 
0 
1 2714
0 
0 
1 4455
0 
0 
0 
0 
0 
1 2557
0 
0 
1 1715
0 
0 
0 
1 338
0 
0 
0 
0 
0 
0 
0 
0 
0 
0 
0 
0 
0 
0 
1 4395
0 
0 
0 
0 
0 
0 
0 
0 
0 
0 
0 
0 
0 
0 
1 2269
0 
2 3258 4872
0 
1 2474
0 
0 
0 
0 
0 
0 
0 
0 
0 
1 2630
0 
0 
0 
0 
0 
0 
0 
0 
0 
0 
0 
0 
1 2599
0 
0 
0 
0 
1 3563
1 3495
0 
1 3679
0 
0 
0 
0 
0 
0 
1 1980
0 
1 5431
0 
0 
1 2173
0 
0 
0 
0 
0 
1 4520
0 
0 
0 
0 
0 
0 
0 
0 
0 
0 
0 
0 
0 
0 
0 
1 4996
0 
0 
0 
1 1382
2 1299 1305
1 5486
0 
0 
1 2063
0 
0 
0 
1 1108
0 
0 
0 
0 
1 2686
0 
1 1147
0 
0 
0 
0 
0 
0 
3 642 4088 4586
0 
0 
0 
0 
0 
0 
1 4510
0 
0 
0 
0 
0 
0 
0 
0 
0 
0 
0 
2 253 4780
0 
0 
0 
0 
3 3529 4926 5423
0 
0 
0 
0 
0 
0 
0 
0 
1 976
0 
0 
0 
1 5048
0 
1 1385
0 
0 
2 1137 3292
0 
0 
0 
0 
1 3929
1 3757
0 
0 
0 
0 
0 
0 
0 
1 4802
0 
0 
1 2488
0 
0 
0 
0 
0 
0 
0 
0 
0 
1 5088
0 
0 
1 4334
0 
0 
1 2456
1 3213
0 
0 
0 
0 
0 
0 
0 
0 
0 
0 
1 2111
0 
0 
0 
0 
0 
0 
1 4871
0 
0 
0 
0 
0 
0 
0 
0 
0 
1 694
0 
1 3618
0 
0 
1 633
0 
0 
0 
0 
0 
1 1447
0 
0 
0 
0 
0 
0 
0 
0 
0 
0 
0 
0 
0 
0 
0 
0 
0 
0 
0 
3 2388 2485 3787
0 
0 
0 
1 3737
0 
0 
0 
0 
0 
0 
1 4224
0 
0 
0 
1 2052
0 
0 
0 
0 
0 
0 
1 1704
0 
0 
0 
0 
0 
0 
0 
0 
0 
0 
0 
0 
2 1657 3191
0 
0 
0 
2 500 2873
0 
0 
0 
1 1951
0 
0 
0 
0 
0 
0 
0 
0 
0 
0 
0 
0 
1 3398
1 2329
0 
0 
0 
2 2645 4484
1 485
0 
0 
0 
1 1092
0 
0 
0 
0 
1 178
0 
0 
0 
1 1343
1 3102
1 3010
0 
0 
0 
0 
0 
0 
0 
0 
0 
0 
0 
0 
0 
0 
0 
0 
0 
0 
0 
0 
0 
0 
2 2271 4736
0 
0 
0 
0 
0 
1 5069
1 3714
0 
0 
0 
2 2679 3080
0 
1 2472
1 704
0 
0 
0 
0 
0 
0 
0 
0 
0 
0 
1 766
1 2181
0 
0 
0 
1 3349
0 
0 
1 3525
0 
0 
1 5194
1 1407
0 
0 
0 
0 
1 4655
0 
1 3588
0 
0 
1 5490
0 
0 
0 
0 
0 
1 4786
0 
0 
1 853
0 
0 
0 
0 
0 
0 
1 2091
0 
1 1169
0 
0 
1 3245
0 
0 
0 
1 4769
0 
0 
0 
0 
1 4819
0 
0 
1 4654
0 
0 
0 
0 
0 
3 3363 3744 5266
0 
0 
0 
2 3798 5158
0 
0 
0 
0 
0 
1 2751
0 
0 
0 
1 3797
1 1069
0 
0 
0 
0 
1 3110
0 
0 
0 
0 
0 
0 
1 2374
0 
1 3316
0 
0 
0 
1 4917
0 
0 
1 4579
0 
0 
1 1010
0 
1 3151
0 
1 288
0 
2 816 1061
0 
0 
0 
0 
0 
1 4412
1 1012
0 
0 
2 1432 1643
0 
0 
1 4533
0 
0 
0 
0 
0 
0 
0 
0 
0 
0 
0 
0 
0 
0 
2 728 3386
0 
0 
1 4024
0 
0 
0 
0 
2 3649 4895
0 
0 
0 
0 
0 
0 
0 
0 
0 
0 
0 
1 2613
0 
0 
0 
0 
2 583 4269
0 
0 
1 2826
0 
1 2432
0 
0 
1 3140
0 
0 
0 
0 
1 5530
0 
1 5398
0 
0 
0 
0 
0 
1 1870
0 
0 
1 1491
0 
0 
0 
0 
0 
0 
0 
0 
0 
0 
0 
0 
0 
0 
0 
0 
0 
0 
0 
0 
0 
0 
0 
0 
0 
1 165
0 
0 
0 
0 
0 
0 
0 
0 
0 
0 
0 
0 
0 
0 
0 
1 4188
1 3674
0 
0 
0 
1 1030
0 
1 5169
0 
0 
2 1640 3401
0 
1 2394
0 
0 
0 
0 
0 
0 
0 
0 
0 
0 
1 4396
0 
0 
0 
0 
0 
0 
0 
0 
0 
1 1430
0 
0 
1 1383
1 3786
0 
1 4294
0 
0 
0 
0 
0 
0 
0 
0 
0 
1 1921
0 
0 
0 
0 
1 4768
1 341
0 
0 
2 2838 4408
0 
1 1589
0 
0 
1 4606
0 
1 843
0 
0 
0 
0 
0 
0 
0 
0 
1 649
0 
0 
0 
0 
0 
1 715
0 
0 
0 
0 
0 
0 
0 
0 
0 
0 
0 
0 
1 2959
0 
0 
0 
0 
0 
0 
1 5548
1 2598
0 
0 
0 
0 
0 
1 3277
0 
0 
0 
0 
1 3035
0 
0 
1 3470
0 
0 
0 
0 
0 
0 
0 
0 
0 
1 376
0 
1 4128
0 
1 1693
0 
0 
0 
0 
0 
0 
0 
0 
0 
0 
0 
0 
0 
0 
0 
0 
0 
0 
0 
0 
0 
1 315
0 
1 5339
0 
0 
1 4731
0 
0 
0 
0 
0 
0 
0 
0 
0 
0 
0 
0 
0 
0 
0 
0 
0 
0 
0 
1 3068
0 
1 3780
0 
0 
1 2982
1 4204
0 
1 525
0 
0 
0 
0 
1 1141
0 
0 
0 
0 
0 
0 
0 
0 
0 
0 
0 
0 
0 
0 
1 2646
0 
0 
0 
0 
0 
0 
0 
0 
0 
0 
0 
0 
0 
0 
1 3973
0 
0 
1 2732
0 
0 
0 
1 2995
0 
0 
1 2624
1 2029
0 
0 
0 
0 
1 15
1 2350
1 379
0 
1 5043
0 
0 
0 
2 1813 2237
0 
0 
0 
0 
0 
0 
0 
0 
0 
0 
0 
0 
0 
0 
0 
0 
0 
0 
0 
0 
1 206
0 
0 
0 
0 
1 2741
0 
0 
0 
0 
0 
0 
0 
0 
1 5512
0 
0 
0 
0 
0 
0 
0 
0 
0 
2 1239 3219
0 
0 
0 
0 
0 
0 
0 
1 1876
0 
0 
0 
1 3420
0 
0 
0 
0 
1 2189
0 
0 
0 
0 
2 2532 4103
1 3392
0 
0 
0 
1 117
0 
1 983
0 
0 
0 
0 
1 5477
0 
0 
0 
0 
0 
1 3280
0 
0 
0 
0 
0 
0 
0 
0 
1 2597
0 
0 
0 
0 
6 820 981 1009 1410 2651 4836
0 
0 
0 
0 
0 
0 
1 145
0 
0 
0 
0 
0 
0 
0 
0 
1 753
0 
0 
1 1344
0 
0 
0 
1 3446
0 
0 
0 
0 
0 
1 4453
0 
0 
0 
0 
0 
0 
0 
0 
0 
0 
0 
2 237 5498
0 
0 
0 
1 5119
1 72
0 
0 
0 
0 
0 
0 
1 334
1 1494
0 
1 911
0 
0 
0 
0 
0 
2 1614 5263
1 2719
1 1636
0 
0 
0 
1 122
0 
0 
0 
0 
0 
0 
0 
0 
0 
0 
0 
0 
0 
1 5138
0 
0 
0 
0 
1 2359
0 
0 
0 
0 
1 2062
0 
0 
0 
0 
0 
1 2286
0 
0 
0 
0 
1 679
0 
0 
1 1585
0 
0 
0 
0 
0 
0 
0 
0 
0 
0 
0 
0 
0 
0 
0 
0 
1 468
1 2656
0 
0 
0 
0 
1 403
0 
0 
0 
0 
0 
0 
0 
0 
0 
1 3220
0 
1 3577
0 
0 
0 
0 
0 
1 3879
1 5245
0 
1 1749
0 
0 
1 1027
0 
1 416
0 
0 
0 
0 
0 
0 
0 
0 
0 
0 
0 
0 
1 5395
0 
0 
0 
0 
0 
0 
0 
0 
1 5311
0 
0 
1 1719
0 
0 
0 
0 
0 
0 
0 
0 
0 
0 
1 329
0 
0 
1 4053
0 
1 4333
1 2361
0 
0 
0 
0 
0 
0 
0 
0 
0 
0 
0 
0 
0 
0 
0 
0 
0 
0 
0 
0 
1 2882
0 
0 
0 
0 
0 
0 
1 1828
1 278
0 
1 5060
0 
11 235 859 1302 1319 1666 2702 3422 3555 3693 4173 5222
0 
0 
0 
0 
0 
0 
0 
0 
0 
0 
0 
0 
0 
0 
0 
0 
0 
0 
0 
0 
0 
1 2093
0 
0 
0 
1 2505
0 
0 
0 
0 
0 
1 5484
0 
0 
0 
0 
0 
0 
0 
0 
0 
1 5478
1 2904
0 
0 
0 
0 
1 74
0 
0 
0 
1 4227
0 
0 
1 5504
0 
0 
0 
0 
0 
0 
0 
0 
0 
0 
0 
0 
1 4563
0 
2 653 4649
0 
0 
1 822
0 
0 
0 
0 
0 
0 
0 
0 
2 2721 2945
0 
0 
0 
0 
0 
0 
1 4114
1 3582
0 
1 4583
0 
0 
0 
1 4716
0 
0 
2 4001 5023
0 
1 2316
0 
0 
1 3163
1 2489
0 
0 
1 2930
1 4148
0 
0 
0 
0 
0 
0 
0 
0 
0 
0 
1 4701
0 
0 
0 
0 
0 
0 
1 1212
0 
1 201
0 
0 
0 
0 
1 5212
1 4982
0 
0 
0 
0 
1 3299
0 
0 
0 
0 
0 
0 
2 233 4853
0 
0 
0 
0 
0 
0 
0 
0 
0 
0 
0 
0 
0 
3 1642 2344 3030
1 2396
0 
0 
1 69
0 
0 
1 3117
0 
1 2580
0 
0 
0 
1 4236
0 
0 
0 
0 
0 
0 
0 
0 
0 
0 
0 
0 
0 
0 
0 
0 
0 
0 
0 
1 328
0 
1 2980
1 4951
0 
0 
0 
0 
0 
0 
1 5166
1 4565
0 
0 
0 
0 
1 1493
1 215
0 
0 
0 
1 3886
0 
0 
0 
0 
1 4285
0 
0 
0 
0 
1 4023
1 106
0 
0 
1 3702
0 
0 
0 
0 
0 
0 
0 
1 3056
0 
0 
0 
0 
1 381
0 
0 
0 
0 
1 3806
0 
0 
0 
3 357 2559 4702
1 324
0 
0 
1 5447
1 1965
0 
0 
0 
0 
0 
0 
0 
0 
0 
0 
0 
0 
2 593 778
1 3063
1 3112
0 
3 266 2176 5473
0 
1 3862
1 2077
1 2540
0 
0 
0 
0 
1 2860
0 
0 
0 
0 
1 2266
0 
1 129
1 195
0 
0 
0 
0 
0 
3 1292 3828 5150
0 
0 
0 
0 
0 
1 2919
0 
1 3103
0 
0 
0 
0 
0 
1 4156
0 
0 
0 
0 
0 
1 2727
0 
1 2578
0 
1 3651
0 
0 
0 
0 
0 
0 
0 
0 
0 
0 
0 
1 2881
0 
0 
0 
0 
1 4028
1 4787
0 
0 
0 
0 
1 2014
2 2206 2491
0 
0 
0 
0 
0 
0 
0 
0 
0 
0 
0 
1 2730
1 1530
0 
0 
0 
0 
0 
1 1908
1 1421
0 
1 1565
0 
0 
0 
1 4887
1 543
0 
0 
0 
0 
0 
0 
0 
0 
0 
1 1543
1 3070
0 
0 
0 
0 
1 1306
0 
0 
0 
0 
1 2715
0 
0 
0 
0 
0 
0 
0 
0 
0 
0 
0 
1 3799
0 
0 
0 
0 
0 
0 
1 254
0 
0 
0 
0 
0 
1 3274
0 
1 4618
0 
0 
0 
0 
0 
0 
0 
0 
0 
0 
1 599
0 
0 
0 
0 
0 
0 
1 4660
0 
0 
0 
0 
1 5249
0 
0 
0 
0 
0 
1 2274
0 
0 
0 
0 
0 
0 
0 
0 
0 
0 
0 
1 4814
0 
0 
0 
0 
1 4803
0 
0 
0 
1 4247
0 
0 
0 
0 
0 
0 
0 
0 
1 990
0 
0 
0 
0 
0 
0 
0 
0 
0 
0 
0 
0 
0 
0 
0 
0 
1 5330
0 
0 
1 1844
1 1112
0 
0 
0 
1 2444
1 4830
0 
0 
0 
0 
0 
0 
1 4417
0 
1 3481
0 
0 
0 
0 
0 
0 
0 
0 
0 
0 
0 
0 
0 
0 
0 
0 
0 
0 
0 
0 
0 
0 
1 626
0 
0 
0 
0 
0 
0 
0 
0 
0 
0 
0 
0 
1 4763
0 
0 
0 
0 
1 4801
1 2787
0 
0 
0 
0 
0 
0 
0 
1 870
0 
0 
0 
0 
0 
0 
1 4927
0 
0 
0 
0 
0 
0 
1 2576
0 
1 2992
0 
0 
0 
1 4198
0 
0 
0 
1 3334
0 
0 
0 
1 4684
0 
0 
0 
0 
1 399
0 
0 
0 
0 
0 
0 
1 5299
0 
1 598
1 161
0 
1 2094
0 
0 
0 
1 3760
2 140 3721
0 
0 
0 
0 
0 
0 
1 1338
2 1806 3441
0 
0 
0 
0 
0 
0 
0 
0 
0 
0 
0 
0 
0 
1 5045
1 5344
0 
0 
0 
0 
0 
2 132 884
0 
0 
0 
0 
0 
0 
1 2500
1 272
0 
0 
0 
0 
0 
1 610
0 
1 1967
0 
0 
1 2203
0 
0 
0 
0 
0 
0 
0 
0 
0 
1 1419
0 
0 
0 
0 
0 
3 1919 4229 5343
0 
0 
0 
0 
0 
0 
0 
0 
0 
0 
0 
1 2238
0 
0 
0 
0 
0 
0 
0 
0 
0 
0 
0 
0 
0 
0 
0 
0 
0 
0 
0 
0 
0 
0 
0 
0 
0 
0 
0 
0 
0 
0 
0 
0 
0 
0 
0 
0 
0 
1 1070
0 
0 
1 3357
0 
0 
0 
0 
0 
0 
0 
0 
0 
0 
0 
1 5036
1 3537
0 
2 1144 2196
0 
0 
0 
0 
0 
0 
0 
0 
0 
0 
0 
0 
1 2947
0 
0 
0 
1 3741
0 
0 
1 3423
0 
0 
0 
0 
2 1701 4844
0 
0 
0 
0 
0 
0 
0 
0 
0 
0 
0 
1 2049
0 
0 
0 
0 
0 
0 
0 
0 
0 
0 
0 
0 
0 
0 
0 
0 
1 3126
1 4121
0 
0 
1 460
0 
0 
1 126
0 
1 5113
0 
0 
0 
0 
0 
0 
1 5057
0 
0 
1 1441
0 
0 
0 
0 
1 4131
0 
0 
0 
0 
0 
1 2106
0 
0 
0 
0 
0 
0 
0 
0 
0 
2 952 1617
0 
1 3783
0 
0 
1 3676
0 
0 
1 1509
0 
0 
0 
0 
2 1598 1611
0 
0 
0 
0 
0 
0 
0 
0 
0 
0 
0 
0 
0 
0 
0 
0 
0 
0 
0 
0 
0 
0 
0 
1 3043
0 
0 
0 
0 
0 
0 
1 5401
2 1391 5499
0 
0 
0 
1 2891
0 
0 
0 
0 
0 
0 
0 
0 
0 
0 
0 
0 
0 
0 
0 
0 
0 
1 4493
0 
0 
0 
0 
0 
0 
0 
0 
0 
0 
0 
0 
0 
1 3187
0 
0 
0 
1 5174
1 5288
0 
0 
0 
0 
0 
0 
0 
1 2654
1 1817
