1 11853
1 13846
1 1984
1 776
1 5494
1 5772
1 3917
1 11105
1 9055
1 14002
1 4775
1 2452
1 11731
1 2902
1 4079
1 15708
1 14022
1 6416
1 2464
1 13874
1 5896
1 5899
1 5733
1 9693
1 23
1 7554
1 8851
1 6810
1 6544
1 2609
1 10494
1 13898
1 10304
1 14705
1 2236
1 6317
1 12293
1 3468
1 14574
1 5623
1 2389
1 1449
1 7914
1 4197
1 10416
1 229
1 14443
1 1616
1 2216
1 94
1 9586
1 396
1 4605
1 13145
1 2709
1 11995
1 2346
1 12512
1 11737
1 828
1 12383
1 6623
1 11610
1 1903
1 11915
1 2448
1 2353
1 11951
1 11448
1 16210
1 884
1 2397
1 15861
1 5262
1 16093
1 1658
1 2164
1 446
1 13653
1 7922
1 6669
1 8410
1 6374
1 9888
1 3232
1 8878
1 13105
1 1825
1 1478
1 5781
1 10967
1 447
1 6416
1 1149
1 174
1 6199
1 4793
1 10739
1 5955
1 7763
1 3435
1 5702
1 2434
1 10087
1 3391
1 584
1 16271
1 4738
1 1047
1 1028
1 9332
1 106
1 4792
1 6521
1 9049
1 8211
1 8196
1 15788
1 28
1 1876
1 12933
1 13437
1 15883
1 3113
1 4790
1 2227
1 16851
1 12053
1 14494
1 16334
1 7532
1 13240
1 16687
1 3877
1 197
1 3844
1 7573
1 2240
1 705
1 860
1 16658
1 746
1 4349
1 10430
1 4821
1 15822
1 9759
1 11641
1 142
1 593
1 11888
1 10158
1 2568
1 12276
1 7922
1 427
1 6693
1 2785
1 1940
1 10019
1 3129
1 16651
1 2306
1 849
1 2535
1 15457
1 7615
1 5397
1 7963
1 4838
1 2299
1 647
1 936
1 5075
1 7112
1 1024
1 10439
1 5552
1 15194
1 2623
1 2252
1 11762
1 7385
1 2922
1 212
1 6644
1 10605
1 9410
1 9767
1 1195
1 785
1 1242
1 14071
1 821
1 4927
1 16335
1 8887
1 2216
1 3591
1 7915
1 13695
1 16174
1 12151
1 1177
1 10431
1 5628
1 15737
1 10921
1 3835
1 7476
1 9045
1 9519
1 3646
1 12768
1 4449
1 16256
1 3659
1 520
1 9790
1 8212
1 7074
1 47
1 13115
1 2240
1 64
1 3975
1 648
1 3711
1 9144
1 2000
1 3445
1 1722
1 8540
1 16192
1 6715
1 16045
1 4325
1 15856
1 4939
1 14475
1 3352
1 13285
1 8231
1 12794
1 10606
1 6134
1 8826
1 7661
1 1772
1 2325
1 8654
1 3609
1 13460
1 15007
1 16456
1 9793
1 9603
1 12733
1 2507
1 1179
1 369
1 7509
1 6029
1 9977
1 1196
1 9847
1 16318
1 937
1 7969
1 8178
1 5460
1 8275
1 16695
1 928
1 14396
1 13376
1 4426
1 5355
1 16041
1 2888
1 670
1 10125
1 9103
1 1415
1 1381
1 4009
1 10601
1 212
1 15352
1 13373
1 7052
1 7213
1 4258
1 180
1 5918
1 14642
1 3776
1 10787
1 11108
1 11700
1 5259
1 7352
1 13717
1 8468
1 8089
1 12119
1 14071
1 2497
1 2888
1 1808
1 655
1 122
1 13927
1 2712
1 9966
1 15624
1 2310
1 11723
1 76
1 9890
1 4211
1 14736
1 6509
1 8641
1 16297
1 2452
1 1282
1 2489
1 16239
1 16006
1 3625
1 2770
1 2411
1 6650
1 15868
1 1177
1 14362
1 10774
1 14862
1 7434
1 5828
1 15528
1 13757
1 7547
1 1347
1 8465
1 598
1 2350
1 4158
1 12228
1 14175
1 762
1 8521
1 7211
1 4995
1 9406
1 6066
1 16296
1 3218
1 4356
1 14667
1 14049
1 11798
1 2032
1 9103
1 8922
1 1937
1 2246
1 4722
1 12627
1 8632
1 8346
1 9467
1 10837
1 8319
1 6505
1 15598
1 12248
1 13510
1 15710
1 13146
1 16287
1 12940
1 3596
1 3184
1 3779
1 2788
1 8916
1 39
1 10000
1 2636
1 3575
1 13410
1 12801
1 8626
1 14674
1 6752
1 5757
1 13113
1 16641
1 6644
1 4421
1 6497
1 15944
1 6617
1 5964
1 791
1 8903
1 4533
1 6063
1 3138
1 277
1 4285
1 505
1 7169
1 13189
1 15970
1 5263
1 10181
1 5765
1 5332
1 9662
1 2549
1 1204
1 4841
1 12432
1 14323
1 814
1 11430
1 3781
1 4461
1 5322
1 6675
1 2759
1 9600
1 1324
1 2784
1 2826
1 2489
1 5811
1 11503
1 5444
1 7446
1 5245
1 1715
1 7117
1 10668
1 9776
1 809
1 11137
1 9447
1 581
1 11046
1 13523
1 7149
1 9796
1 13583
1 954
1 4807
1 1402
1 16848
1 9253
1 14005
1 4651
1 10233
1 11159
1 11109
1 1166
1 15938
1 14033
1 13663
1 5772
1 13284
1 13505
1 10936
1 14539
1 281
1 2496
1 2479
1 5930
1 13502
1 5966
1 2762
1 4180
1 11112
1 15185
1 2224
1 2995
1 13764
1 2867
1 6553
1 1318
1 10165
1 11288
1 6858
1 12728
1 7122
1 6432
1 12537
1 9288
1 15162
1 2164
1 13946
1 5809
1 905
1 5707
1 1246
1 3608
1 8497
1 2476
1 8194
1 4681
1 11513
1 10570
1 7029
1 208
1 4381
1 14349
1 5590
1 2872
1 2059
1 9998
1 7170
1 6045
1 2898
1 15657
1 1277
1 13415
1 1324
1 2407
1 5596
1 2240
1 9157
1 5944
1 889
1 13811
1 477
1 12312
1 7007
1 12132
1 12360
1 10780
1 8815
1 16416
1 2263
1 11238
1 666
1 852
1 213
1 12261
1 417
1 1
1 10854
1 14631
1 7094
1 12453
1 5259
1 3025
1 4687
1 5182
1 775
1 13141
1 8710
1 5129
1 1047
1 7212
1 4586
1 5912
1 5981
1 2789
1 11072
1 8073
1 14623
1 994
1 3188
1 1090
1 13719
1 427
1 14306
1 2712
1 10192
1 859
1 9934
1 15407
1 11048
1 5373
1 10983
1 4082
1 746
1 845
1 11147
1 2096
1 9671
1 16314
1 3593
1 1254
1 5152
1 4700
1 16650
1 16475
1 1814
1 4793
1 6516
1 2116
1 7922
1 10183
1 13727
1 6354
1 3565
1 6071
1 16701
1 2691
1 12546
1 11722
1 245
1 9759
1 2788
1 13054
1 13863
1 10401
1 5855
1 2110
1 14180
1 8330
1 5970
1 4968
1 16581
1 13400
1 11262
1 4800
1 11803
1 14086
1 4403
1 15097
1 11887
1 4265
1 5299
1 2485
1 421
1 13823
1 1147
1 4330
1 14988
1 2345
1 7033
1 4908
1 3987
1 12714
1 1637
1 15547
1 9646
1 2369
1 13870
1 16115
1 13672
1 5673
1 11254
1 9966
1 10339
1 335
1 7973
1 3295
1 10698
1 2
1 13548
1 2717
1 1184
1 11674
1 1063
1 5608
1 1072
1 7179
1 9721
1 1508
1 1931
1 4319
1 1822
1 8835
1 2604
1 15918
1 3130
1 14608
1 13044
1 825
1 3276
1 10809
1 7001
1 4518
1 1192
1 8424
1 5040
1 4208
1 14244
1 7832
1 15092
1 11817
1 4555
1 3478
1 12840
1 9660
1 966
1 3726
1 12819
1 5366
1 15237
1 11244
1 2000
1 13782
1 2027
1 10066
1 3573
1 3603
1 13786
1 3804
1 1240
1 15553
1 3704
1 1259
1 7834
1 8408
1 14261
1 7169
1 9748
1 4485
1 14
1 3913
1 5663
1 1557
1 15382
1 1565
1 6710
1 12468
1 10220
1 5034
1 13245
1 2365
1 7357
1 12620
1 1669
1 1928
1 1093
1 1411
1 4917
1 971
1 9643
1 11586
1 8562
1 12759
1 8402
1 3016
1 2977
1 4061
1 1192
1 15831
1 2611
1 12966
1 1763
1 3383
1 10695
1 6222
1 1930
1 9392
1 421
1 14634
1 2143
1 3944
1 15248
1 285
1 2323
1 11176
1 12356
1 13677
1 14192
1 639
1 3373
1 9431
1 2017
1 9232
1 16314
1 9004
1 8158
1 11416
1 8927
1 9073
1 10539
1 13078
1 9910
1 12941
1 10367
1 6968
1 6834
1 3997
1 10708
1 1353
1 4720
1 8340
1 7817
1 10322
1 1440
1 716
1 746
1 1987
1 484
1 7117
1 5158
1 6063
1 8443
1 2208
1 5731
1 5134
1 4296
1 1107
1 14
1 463
1 5638
1 12427
1 15354
1 672
1 2445
1 1699
1 15815
1 10276
1 16118
1 10321
1 972
1 6181
1 2208
1 1161
1 5854
1 9903
1 10681
1 7004
1 2679
1 6992
1 9191
1 3374
1 14215
1 10753
1 3313
1 6204
1 14092
1 11728
1 827
1 15538
1 7203
1 7840
1 8369
1 6043
1 13784
1 10648
1 2369
1 14411
1 5774
1 15279
1 9442
1 2431
1 2469
1 2951
1 14514
1 16045
1 14309
1 3260
1 13686
1 483
1 13326
1 10565
1 3039
1 5
1 888
1 4738
1 16608
1 13635
1 10532
1 1929
1 1414
1 889
1 13573
1 14607
1 2415
1 1770
1 10673
1 6297
1 2948
1 5826
1 16687
1 3589
1 7963
1 13019
1 888
1 10748
1 7828
1 5855
1 58
1 13960
1 2826
1 13515
1 7632
1 13003
1 12131
1 3490
1 807
1 1594
1 3578
1 158
1 3079
1 4730
1 9917
1 8606
1 9164
1 8819
1 1464
1 15871
1 4415
1 427
1 5601
1 6643
1 985
1 670
1 9452
1 6227
1 10392
1 9023
1 3051
1 7884
1 3762
1 7740
1 692
1 1350
1 11241
1 4432
1 4212
1 12911
1 7326
1 9559
1 12337
1 5792
1 10118
1 12214
1 1444
1 14229
1 3611
1 2146
1 709
1 8954
1 10146
1 13153
1 3394
1 11689
1 7200
1 1240
1 4012
1 5710
1 16884
1 4081
1 14024
1 6512
1 3885
1 1200
1 2487
1 4285
1 3522
1 1944
1 491
1 8574
1 2662
1 6103
1 2393
1 9458
1 3677
1 14164
1 2770
1 3343
1 11366
1 10930
1 3735
1 5161
1 15021
1 6521
1 6063
1 4630
1 11355
1 15815
1 9392
1 15790
1 13559
1 6466
1 2227
1 615
1 8505
1 12520
1 16523
1 11492
1 8836
1 1596
1 10967
1 7545
1 2824
1 81
1 973
1 8065
1 2980
1 7019
1 1590
1 1082
1 11045
1 8728
1 9966
1 6057
1 2186
1 15815
1 15348
1 9563
1 15361
1 7662
1 3637
1 4468
1 10005
1 13632
1 2459
1 1360
1 4845
1 1483
1 6714
1 4585
1 7257
1 13677
1 6541
1 15968
1 11052
1 2246
1 15478
1 7545
1 7262
1 9166
1 7170
1 14607
1 1224
1 14235
1 10091
1 8544
1 4559
1 15
1 9966
1 6639
1 7786
1 1913
1 3220
1 1203
1 13227
1 6925
1 13862
1 10674
1 3127
1 9393
1 5012
1 2537
1 4839
1 247
1 755
1 12453
1 10702
1 15354
1 8765
1 758
1 3322
1 12744
1 10128
1 5087
1 9969
1 15324
1 16772
1 6900
1 1846
1 2825
1 11644
1 615
1 4328
1 13487
1 9257
1 11826
1 14195
1 13890
1 4680
1 4697
1 14544
1 3406
1 11088
1 4979
1 11882
1 8500
1 12194
1 10470
1 15189
1 13582
1 14700
1 3091
1 8169
1 10279
1 7263
1 10848
1 12830
1 12841
1 9011
1 1183
1 9387
1 3541
1 10446
1 13676
1 14974
1 179
1 2121
1 5953
1 16544
1 8932
1 216
1 6248
1 3638
1 8158
1 5372
1 8005
1 484
1 3969
1 755
1 801
1 13636
1 3866
1 11341
1 2627
1 8260
1 9167
1 3981
1 9279
1 1667
1 638
1 666
1 5608
1 13088
1 15030
1 2245
1 6294
1 3817
1 15662
1 3089
1 1203
1 16790
1 5173
1 3269
1 14981
1 2350
1 8882
1 4290
1 11917
1 310
1 3409
1 8643
1 6096
1 11677
1 2059
1 2530
1 3303
1 12082
1 151
1 13557
1 7978
1 14102
1 3981
1 3491
1 1862
1 6388
1 15288
1 8505
1 12359
1 8695
1 12438
1 7778
1 4430
1 2482
1 4586
1 1459
1 2717
1 200
1 6081
1 14184
1 15
1 1736
1 13974
1 11705
1 3617
1 13324
1 4905
1 9848
1 4269
1 5526
1 10803
1 7184
1 9572
1 12961
1 11262
1 6669
1 47
1 6101
1 5984
1 11040
1 13768
1 3915
1 1568
1 2630
1 1351
1 1799
1 4677
1 8271
1 436
1 16172
1 13700
1 6044
1 6410
1 5661
1 9766
1 155
1 5551
1 14211
1 5517
1 5738
1 7870
1 11433
1 10923
1 2211
1 13893
1 3563
1 1182
1 13730
1 8508
1 8447
1 14325
1 1200
1 12342
1 10125
1 12684
1 3506
1 15761
1 14147
1 4618
1 8522
1 12121
1 3054
1 5931
1 12981
1 14833
1 920
1 2303
1 11205
1 2076
1 865
1 254
1 10899
1 1345
1 2044
1 13719
1 8842
1 2072
1 17
1 4326
1 1837
1 12834
1 888
1 1314
1 756
1 226
1 509
1 13257
1 5950
1 4260
1 10225
1 709
1 2301
1 5042
1 2225
1 2712
1 1919
1 14338
1 3671
1 1203
1 14634
1 2683
1 6761
1 3096
1 9266
1 14319
1 9604
1 247
1 14495
1 10491
1 16341
1 4810
1 14164
1 13092
1 2192
1 12648
1 1115
1 14966
1 9935
1 9562
1 16045
1 307
1 8654
1 14966
1 16432
1 11581
1 10074
1 1908
1 8676
1 3096
1 8033
1 13708
1 89
1 3490
1 5774
1 10429
1 9332
1 16045
1 9292
1 12103
1 7292
1 2237
1 11120
1 9232
1 6350
1 6971
1 755
1 14129
1 4138
1 2236
1 10367
1 2916
1 13201
1 369
1 5459
1 8878
1 16665
1 4069
1 8189
1 12276
1 434
1 15198
1 15834
1 10087
1 9622
1 6620
1 13404
1 13248
1 8184
1 564
1 7951
1 518
1 6495
1 3034
1 3240
1 797
1 418
1 11448
1 12986
1 13944
1 2445
1 528
1 454
1 2885
1 14697
1 10224
1 1529
1 13022
1 120
1 9010
1 1401
1 7332
1 7438
1 11961
1 12606
1 12312
1 359
1 4202
1 3358
1 2168
1 14965
1 15509
1 5406
1 15027
1 11599
1 13443
1 8552
1 8765
1 12052
1 16929
1 2895
1 3319
1 9790
1 5120
1 10966
1 2640
1 9312
1 2948
1 888
1 2390
1 13778
1 3495
1 6231
1 4704
1 1152
1 15260
1 1104
1 5299
1 15815
1 5458
1 3762
1 5803
1 1982
1 3933
1 2140
1 9672
1 13538
1 16716
1 8985
1 16409
1 13893
1 1928
1 9865
1 14
1 3580
1 3396
1 10220
1 3152
1 15506
1 14288
1 15364
1 3335
1 6964
1 3981
1 8542
1 2847
1 9969
1 6347
1 3016
1 16863
1 12231
1 13515
1 14350
1 13329
1 7953
1 15103
1 8824
1 1395
1 6439
1 3836
1 8683
1 3165
1 12473
1 14003
1 7267
1 3470
1 2159
1 8074
1 4435
1 7700
1 1029
1 151
1 13656
1 13997
1 10099
1 1891
1 3282
1 9223
1 293
1 11027
1 1403
1 1194
1 8357
1 11638
1 13747
1 1480
1 4372
1 998
1 11016
1 7468
1 1878
1 14675
1 2583
1 4105
1 2452
1 1943
1 7922
1 7136
1 3587
1 15431
1 6116
1 16255
1 15869
1 13063
1 4105
1 1723
1 6064
1 2944
1 3010
1 1112
1 6001
1 1554
1 7416
1 3209
1 12475
1 789
1 14332
1 16892
1 9793
1 12812
1 10694
1 2923
1 1108
1 2001
1 450
1 7120
1 3660
1 12007
1 5310
1 1005
1 6418
1 8587
1 1191
1 100
1 6181
1 5182
1 13578
1 2235
1 16402
1 775
1 2240
1 5938
1 2052
1 10524
1 13126
1 1117
1 7118
1 2452
1 6454
1 8498
1 8303
1 16426
1 888
1 1681
1 9103
1 13789
1 449
1 2081
1 2963
1 13698
1 6496
1 7170
1 2989
1 13415
1 3450
1 6460
1 304
1 10096
1 4468
1 1568
1 9894
1 291
1 7004
1 16411
1 587
1 2592
1 14442
1 3853
1 226
1 2675
1 7981
1 9598
1 13639
1 11519
1 10663
1 1200
1 3319
1 3239
1 5611
1 6928
1 8330
1 5632
1 8950
1 15921
1 2041
1 8012
1 8861
1 15533
1 13002
1 5492
1 7796
1 1115
1 3401
1 13248
1 10266
1 11231
1 16897
1 4808
1 318
1 11100
1 9306
1 10066
1 1996
1 7656
1 7620
1 7651
1 11489
1 6234
1 1915
1 16897
1 52
1 9271
1 15877
1 11376
1 12182
1 16884
1 1013
1 9735
1 4435
1 6057
1 1203
1 1408
1 10787
1 12353
1 3234
1 2593
1 9880
1 6585
1 7973
1 14685
1 13786
1 3960
1 815
1 12562
1 15879
1 10760
1 1341
1 1231
1 15483
1 11194
1 16206
1 15364
1 10066
1 2216
1 5683
1 1613
1 11360
1 14143
1 1996
1 2549
1 11142
1 1491
1 8233
1 13598
1 4320
1 15158
1 13716
1 14758
1 843
1 6850
1 5732
1 2716
1 1186
1 102
1 16045
1 13225
1 11634
1 5576
1 9208
1 5055
1 7858
1 9352
1 5011
1 13455
1 13753
1 1529
1 3455
1 2304
1 11203
1 5772
1 2351
1 8173
1 2578
1 8860
1 9135
1 12398
1 2225
1 1080
1 6351
1 14715
1 14353
1 15602
1 4584
1 891
1 12820
1 10787
1 2916
1 10240
1 7170
1 16815
1 13962
1 488
1 15145
1 14
1 7531
1 1203
1 12302
1 7207
1 3476
1 1192
1 12717
1 8871
1 7945
1 14858
1 12834
1 3392
1 9317
1 15995
1 2884
1 5292
1 8721
1 2878
1 1562
1 11560
1 1673
1 2520
1 14692
1 2250
1 672
1 7720
1 12069
1 12376
1 5569
1 13156
1 6207
1 5515
1 239
1 13738
1 300
1 5146
1 2585
1 8257
1 10421
1 930
1 5375
1 715
1 1787
1 15965
1 679
1 2982
1 11138
1 12506
1 13328
1 15
1 5885
1 3154
1 10026
1 9078
1 10204
1 7933
1 12947
1 411
1 549
1 2906
1 3034
1 4235
1 12464
1 39
1 5258
1 226
1 5306
1 9162
1 294
1 8680
1 8831
1 14103
1 6541
1 7235
1 247
1 10071
1 4105
1 615
1 1219
1 1143
1 1955
1 9738
1 1724
1 1135
1 162
1 42
1 5925
1 6670
1 1199
1 9045
1 2803
1 7692
1 7694
1 845
1 9634
1 5994
1 8408
1 4323
1 3108
1 5367
1 16666
1 2132
1 12154
1 2278
1 9672
1 6617
1 1365
1 15716
1 8746
1 6492
1 1974
1 16979
1 4182
1 896
1 12934
1 13657
1 4363
1 8472
1 6257
1 10399
1 10369
1 12979
1 16040
1 1221
1 567
1 10790
1 2778
1 5021
1 11138
1 6501
1 1737
1 1220
1 9882
1 4633
1 12073
1 13579
1 3386
1 2779
1 16543
1 6612
1 6165
1 13365
1 10141
1 2470
1 3742
1 12610
1 11370
1 10546
1 9082
1 7756
1 10793
1 7221
1 4936
1 4457
1 12880
1 11881
1 8891
1 3817
1 4946
1 1775
1 7751
1 2549
1 7795
1 9239
1 15428
1 3699
1 888
1 7003
1 14
1 4839
1 15769
1 1608
1 10087
1 1090
1 1729
1 2291
1 4069
1 7846
1 12630
1 11953
1 3478
1 2905
1 7591
1 927
1 7268
1 13638
1 6765
1 1795
1 7710
1 5717
1 4808
1 7408
1 887
1 6654
1 10065
1 10811
1 3036
1 39
1 5718
1 2135
1 5876
1 10235
1 16408
1 1219
1 2596
1 180
1 9937
1 10911
1 4152
1 376
1 6546
1 3745
1 10192
1 16722
1 8651
1 15522
1 12970
1 1213
1 7242
1 1254
1 10509
1 14133
1 2470
1 7229
1 8477
1 8183
1 568
1 14703
1 525
1 2774
1 1867
1 4436
1 6896
1 12596
1 7877
1 8492
1 2183
1 9159
1 10171
1 6028
1 5752
1 791
1 12520
1 6359
1 11946
1 15166
1 10681
1 767
1 4358
1 7170
1 12297
1 1933
1 11586
1 1035
1 6584
1 6494
1 10361
1 8553
1 4493
1 16301
1 5467
1 16703
1 1919
1 12439
1 6913
1 11606
1 14402
1 2723
1 445
1 3519
1 10703
1 6600
1 12595
1 2281
1 14934
1 6031
1 1015
1 12743
1 10787
1 724
1 2832
1 1313
1 1537
1 11887
1 211
1 13660
1 7990
1 1552
1 6152
1 6862
1 11538
1 10781
1 8477
1 4019
1 2742
1 11518
1 1747
1 6845
1 4689
1 2449
1 8180
1 14354
1 1776
1 1237
1 2424
1 12235
1 12888
1 8775
1 16388
1 11231
1 9511
1 2808
1 5809
1 2725
1 14562
1 81
1 8774
1 4814
1 6806
1 13775
1 10414
1 11292
1 428
1 15703
1 4361
1 5098
1 8792
1 1350
1 1921
1 4175
1 2446
1 4231
1 7486
1 8224
1 12835
1 11651
1 2515
1 7908
1 4108
1 10663
1 5203
1 13380
1 1934
1 16827
1 4282
1 917
1 15138
1 9143
1 6449
1 12406
1 283
1 13670
1 3294
1 7457
1 670
1 28
1 15907
1 14970
1 4808
1 1113
1 4822
1 9768
1 400
1 5221
1 8443
1 2897
1 47
1 5923
1 4059
1 9023
1 10249
1 16321
1 5312
1 4326
1 2788
1 284
1 322
1 11783
1 9763
1 6052
1 11029
1 11259
1 6384
1 814
1 12485
1 15286
1 13678
1 16067
1 16653
1 14035
1 713
1 6576
1 10902
1 6917
1 5244
1 10614
1 2851
1 5807
1 8502
1 1176
1 16874
1 7804
1 14707
1 416
1 13031
1 15075
1 2651
1 4442
1 2784
1 7729
1 281
1 303
1 13946
1 2041
1 3172
1 7131
1 1339
1 10319
1 10805
1 1572
1 8089
1 67
1 9593
1 5085
1 4256
1 5963
1 7663
1 6358
1 777
1 9283
1 3241
1 2889
1 5761
1 5567
1 5070
1 10791
1 13360
1 9768
1 13678
1 3071
1 995
1 13942
1 8981
1 13001
1 2180
1 14755
1 10525
1 9631
1 1181
1 1793
1 14035
1 3561
1 1440
1 10985
1 2223
1 6850
1 1061
1 2524
1 2710
1 9016
1 5154
1 8384
1 4564
1 172
1 9495
1 14729
1 5137
1 14939
1 1158
1 13720
1 16318
1 7267
1 2216
1 9885
1 12330
1 15249
1 8040
1 11168
1 1787
1 6327
1 7210
1 13810
1 13658
1 15778
1 2087
1 10192
1 7011
1 12611
1 4973
1 230
1 16790
1 4182
1 1180
1 2356
1 13534
1 4766
1 5929
1 16706
1 5300
1 12327
1 16389
1 328
1 12544
1 8594
1 8515
1 8452
1 871
1 2075
1 13662
1 1566
1 10277
1 13559
1 13810
1 7170
1 3367
1 5356
1 2865
1 7702
1 8553
1 5520
1 3016
1 3638
1 7956
1 484
1 6416
1 4968
1 4702
1 7269
1 2137
1 14715
1 3835
1 15716
1 16734
1 11116
1 3295
1 4735
1 9549
1 5941
1 7331
1 11959
1 9050
1 1090
1 3740
1 3580
1 4904
1 11718
1 1952
1 7192
1 4701
1 1755
1 8477
1 14017
1 7184
1 1629
1 23
1 6300
1 1976
1 1365
1 3066
1 14520
1 16332
1 308
1 14443
1 14892
1 11216
1 15223
1 5237
1 9169
1 16493
1 10128
1 10452
1 13004
1 5137
1 13900
1 4978
1 8792
1 6572
1 13675
1 11068
1 13654
1 15913
1 9031
1 2653
1 12103
1 588
1 368
1 3711
1 11371
1 9625
1 857
1 1704
1 4795
1 9579
1 2468
1 14595
1 6856
1 13880
1 657
1 11714
1 7519
1 13026
1 11332
1 4070
1 8447
1 6393
1 310
1 14241
1 14470
1 8410
1 989
1 16146
1 417
1 6179
1 11835
1 5913
1 8705
1 5975
1 2588
1 13685
1 4839
1 8953
1 14457
1 4994
1 15180
1 5656
1 9177
1 4207
1 2167
1 228
1 4620
1 5875
1 1124
1 8249
1 598
1 1480
1 10605
1 6948
1 5155
1 16206
1 13715
1 13189
1 13279
1 6875
1 1725
1 15709
1 14730
1 13806
1 1246
1 5974
1 11887
1 655
1 7291
1 1971
1 15902
1 14664
1 16012
1 1395
1 13370
1 1104
1 11721
1 871
1 9442
1 3601
1 14791
1 1582
1 4448
1 10073
1 3582
1 15336
1 2040
1 3575
1 6842
1 3732
1 1181
1 9766
1 10260
1 3175
1 3655
1 12413
1 10793
1 2475
1 11197
1 15123
1 3047
1 3176
1 11061
1 5814
1 11796
1 15485
1 3292
1 16207
1 8692
1 13515
1 2164
1 948
1 7769
1 14192
1 2184
1 8094
1 1141
1 7616
1 847
1 1196
1 2208
1 3789
1 3445
1 5419
1 5152
1 11818
1 4414
1 2009
1 1993
1 2156
1 10065
1 11465
1 5262
1 6512
1 13233
1 7358
1 1931
1 4311
1 8083
1 11102
1 9350
1 11881
1 9978
1 15412
1 8451
1 760
1 1579
1 2941
1 10102
1 3062
1 2184
1 14760
1 9615
1 7415
1 13752
1 16548
1 3955
1 7969
1 7332
1 8919
1 2356
1 6482
1 2255
1 14140
1 5624
1 11571
1 7310
1 15063
1 9040
1 4050
1 11033
1 484
1 5781
1 2196
1 10044
1 5271
1 3930
1 10966
1 8090
1 1964
1 10193
1 8763
1 1442
1 15236
1 7898
1 14896
1 4601
1 8359
1 3187
1 4964
1 8241
1 9595
1 3802
1 11694
1 9802
1 12314
1 15123
1 10160
1 12842
1 15047
1 16150
1 11234
1 16389
1 3937
1 5610
1 3113
1 628
1 9116
1 5903
1 7054
1 9927
1 16694
1 10507
1 10610
1 14805
1 2087
1 16071
1 3173
1 8986
1 9134
1 14177
1 11003
1 956
1 2240
1 302
1 6333
1 9524
1 680
1 2290
1 2216
1 913
1 7653
1 5528
1 10700
1 6925
1 5752
1 868
1 2038
1 5413
1 9051
1 3299
1 5244
1 14508
1 15783
1 9506
1 1700
1 2973
1 7911
1 1259
1 7271
1 8364
1 16322
1 2336
1 2298
1 7079
1 12381
1 3738
1 8721
1 4663
1 1272
1 8988
1 5807
1 13670
1 6402
1 1389
1 6984
1 587
1 11501
1 14855
1 14337
1 16296
1 7987
1 9807
1 615
1 2766
1 1761
1 711
1 483
1 8515
1 1517
1 528
1 4130
1 1259
1 9140
1 2629
1 3033
1 8249
1 16622
1 9561
1 16363
1 1821
1 16215
1 1208
1 3806
1 4227
1 1437
1 935
1 4215
1 14072
1 7558
1 1462
1 13139
1 1463
1 5683
1 5433
1 8273
1 1585
1 11269
1 15810
1 15574
1 14919
1 14525
1 3420
1 5620
1 1145
1 14163
1 13703
1 10495
1 2750
1 2920
1 10678
1 861
1 5840
1 13055
1 15402
1 205
1 1187
1 4812
1 5406
1 1831
1 2240
1 5072
1 13727
1 11538
1 9777
1 15702
1 10674
1 10048
1 821
1 2605
1 4365
1 14906
1 11515
1 2527
1 1181
1 11631
1 12717
1 3802
1 5424
1 4748
1 1903
1 1868
1 3590
1 10609
1 10737
1 3877
1 15184
1 15677
1 2264
1 617
1 1919
1 8433
1 15815
1 12577
1 4440
1 16978
1 828
1 15939
1 1492
1 7340
1 13606
1 369
1 11694
1 4742
1 13510
1 5265
1 8053
1 4013
1 2734
1 5181
1 12109
1 11425
1 14576
1 9844
1 14109
1 3514
1 405
1 9890
1 11944
1 2217
1 15234
1 10668
1 6290
1 9355
1 9960
1 10595
1 2235
1 14979
1 5351
1 8139
1 417
1 1937
1 8219
1 453
1 7544
1 9828
1 3150
1 5548
1 6055
1 3120
1 14545
1 9072
1 3666
1 16045
1 1038
1 13109
1 6205
1 7901
1 5690
1 6216
1 13635
1 3981
1 11781
1 12479
1 3514
1 14846
1 16437
1 14344
1 12237
1 9078
1 15878
1 8830
1 16127
1 27
1 11073
1 7721
1 205
1 7195
1 16361
1 6795
1 4533
1 16401
1 9853
1 15695
1 6482
1 1712
1 14338
1 2292
1 4525
1 9633
1 7343
1 5020
1 15742
1 14504
1 3221
1 11513
1 1766
1 2968
1 1322
1 4461
1 4516
1 2891
1 15319
1 9992
1 14255
1 3409
1 14745
1 1456
1 246
1 5088
1 12864
1 6014
1 6260
1 1200
1 6898
1 6297
1 2768
1 3749
1 11552
1 10435
1 12505
1 8541
1 5108
1 7846
1 7934
1 8438
1 5930
1 7179
1 7834
1 11939
1 9515
1 8957
1 450
1 10241
1 4968
1 11651
1 3051
1 3591
1 16600
1 11549
1 14368
1 4507
1 6954
1 4969
1 7748
1 8216
1 10492
1 11973
1 1203
1 96
1 12505
1 9751
1 3212
1 13697
1 1706
1 3607
1 10267
1 1129
1 11255
1 10878
1 169
1 9572
1 3954
1 3502
1 3875
1 5777
1 80
1 2350
1 7076
1 2114
1 8876
1 9582
1 13752
1 6229
1 14483
1 1453
1 9953
1 15410
1 8080
1 11938
1 2101
1 2612
1 8504
1 2212
1 2018
1 5748
1 14303
1 13726
1 904
1 15531
1 8413
1 4958
1 2491
1 1352
1 2054
1 2893
1 4675
1 6914
1 6333
1 9309
1 13713
1 11328
1 6588
1 5027
1 5120
1 10043
1 5910
1 10304
1 252
1 1518
1 1192
1 16327
1 3746
1 8280
1 12580
1 2375
1 9814
1 7143
1 13752
1 108
1 3872
1 4870
1 9392
1 8421
1 15162
1 14721
1 7103
1 9666
1 5116
1 142
1 1378
1 475
1 16377
1 16033
1 5544
1 7257
1 1447
1 798
1 2781
1 3150
1 11371
1 5098
1 16933
1 10879
1 14372
1 4808
1 12231
1 13584
1 1350
1 1640
1 5892
1 8239
1 2221
1 11576
1 8888
1 16088
1 7006
1 1570
1 1055
1 4080
1 1162
1 8730
1 12862
1 3673
1 12468
1 9684
1 3136
1 9219
1 9530
1 14035
1 16347
1 5849
1 14458
1 8245
1 707
1 8537
1 6499
1 2630
1 684
1 11511
1 2633
1 16153
1 567
1 7162
1 7938
1 10438
1 9984
1 7373
1 2462
1 3449
1 483
1 2343
1 7742
1 388
1 10929
1 9455
1 16127
1 12376
1 16803
1 6617
1 10382
1 10619
1 7694
1 89
1 12205
1 8318
1 7082
1 13472
1 812
1 3323
1 15566
1 8047
1 10071
1 9808
1 751
1 746
1 14568
1 2404
1 4047
1 10005
1 4180
1 2896
1 14521
1 7025
1 5336
1 13589
1 8722
1 2925
1 6820
1 8968
1 12773
1 16241
1 8668
1 15654
1 8755
1 14626
1 1395
1 4359
1 4771
1 7518
1 2928
1 8792
1 10326
1 16624
1 11673
1 12603
1 15699
1 851
1 8777
1 11253
1 2596
1 2558
1 2261
1 1604
1 11769
1 977
1 14621
1 13677
1 814
1 3442
1 12132
1 15200
1 1141
1 834
1 3981
1 2103
1 3981
1 1527
1 267
1 7451
1 12880
1 14094
1 1101
1 8455
1 12561
1 6393
1 1897
1 7528
1 2944
1 6523
1 10736
1 16206
1 11577
1 2289
1 6933
1 3981
1 15585
1 863
1 13987
1 14017
1 1626
1 918
1 3434
1 3115
1 16921
1 6020
1 1200
1 12520
1 10196
1 4780
1 5629
1 5814
1 13609
1 4917
1 11578
1 85
1 10657
1 16282
1 2489
1 10400
1 6647
1 4725
1 6254
1 5807
1 16315
1 9621
1 7764
1 2656
1 14347
1 15649
1 4774
1 16427
1 882
1 17
1 2205
1 1562
1 14311
1 6066
1 2796
1 5857
1 5613
1 15234
1 4230
1 30
1 4030
1 9239
1 6758
1 14280
1 5552
1 12391
1 14175
1 8567
1 5396
1 4979
1 10316
1 6633
1 6647
1 4606
1 3002
1 9520
1 7763
1 6399
1 6190
1 15199
1 16349
1 2480
1 12409
1 9127
1 3637
1 13547
1 9239
1 15329
1 9577
1 16316
1 6622
1 6933
1 7324
1 2988
1 16213
1 9201
1 997
1 5224
1 246
1 10268
1 8217
1 7011
1 136
1 16844
1 11873
1 14181
1 841
1 4667
1 10475
1 128
1 11906
1 485
1 14004
1 10424
1 14348
1 10817
1 7949
1 15415
1 6876
1 158
1 8240
1 14484
1 11619
1 6575
1 10351
1 9462
1 3968
1 4189
1 15350
1 62
1 12798
1 8421
1 259
1 2356
1 3478
1 11200
1 11006
1 2701
1 8091
1 3333
1 16149
1 14242
1 11196
1 430
1 2583
1 3440
1 2595
1 6767
1 11232
1 6964
1 11207
1 13173
1 11163
1 2478
1 3591
1 4681
1 12620
1 11990
1 2389
1 6453
1 2985
1 834
1 1053
1 11776
1 16965
1 3294
1 12686
1 5084
1 15158
1 1447
1 2346
1 9969
1 14603
1 12120
1 1032
1 9103
1 13440
1 8853
1 10968
1 7903
1 9988
1 14177
1 3832
1 14111
1 10832
1 8853
1 11971
1 6296
1 13076
1 10737
1 15064
1 2593
1 8379
1 2103
1 1570
1 6669
1 15761
1 15954
1 5824
1 12498
1 10443
1 12605
1 8005
1 987
1 5034
1 12814
1 12964
1 9954
1 5459
1 3086
1 11581
1 3003
1 3928
1 4534
1 4367
1 11615
1 8673
1 7482
1 11990
1 10907
1 12906
1 2390
1 15291
1 4509
1 7519
1 4048
1 13681
1 10306
1 3700
1 7185
1 9878
1 1205
1 3920
1 2254
1 11850
1 14894
1 45
1 4023
1 13687
1 7794
1 2509
1 11812
1 11086
1 13175
1 917
1 8489
1 2411
1 4808
1 4431
1 1190
1 2587
1 16462
1 3044
1 2619
1 15580
1 10121
1 10596
1 15801
1 4326
1 6439
1 6648
1 13171
1 7677
1 7733
1 12862
1 366
1 520
1 14326
1 9822
1 15030
1 7659
1 256
1 710
1 7945
1 13120
1 9981
1 16185
1 11099
1 8047
1 11948
1 2997
1 12711
1 10865
1 7870
1 2582
1 228
1 3902
1 1677
1 4281
1 10735
1 487
1 10726
1 6211
1 15338
1 10600
1 2552
1 1928
1 4571
1 6607
1 4959
1 7720
1 908
1 1693
1 9839
1 14520
1 5087
1 14024
1 7473
1 9437
1 8344
1 2677
1 16632
1 5161
1 6595
1 1927
1 5481
1 8601
1 1286
1 10282
1 1993
1 8602
1 8409
1 9394
1 2918
1 1739
1 14746
1 15253
1 9863
1 1774
1 8220
1 11490
1 2201
1 12082
1 7104
1 16775
1 13630
1 3766
1 1538
1 10675
1 6930
1 15309
1 2985
1 9954
1 7106
1 5631
1 5863
1 9020
1 1868
1 3236
1 5641
1 2755
1 10790
1 14790
1 3607
1 13045
1 13423
1 257
1 403
1 2302
1 17
1 14288
1 11339
1 10992
1 15382
1 2350
1 13680
1 10086
1 4494
1 14637
1 15784
1 830
1 5312
1 12703
1 12218
1 5959
1 15179
1 9967
1 546
1 15483
1 489
1 7207
1 3476
1 7364
1 4755
1 8988
1 3577
1 4166
1 6432
1 746
1 12833
1 2514
1 8385
1 9392
1 11571
1 5394
1 12269
1 7994
1 15773
1 813
1 16045
1 16810
1 5872
1 14574
1 2233
1 14359
1 7677
1 3096
1 2883
1 10430
1 430
1 6297
1 14607
1 13584
1 2500
1 13208
1 12753
1 6466
1 5398
1 16666
1 760
1 5807
1 6372
1 14504
1 15838
1 677
1 352
1 6554
1 6603
1 4346
1 371
1 13194
1 12312
1 2297
1 989
1 920
1 3414
1 9895
1 5969
1 13706
1 11042
1 1690
1 13699
1 4685
1 9925
1 5478
1 7262
1 10710
1 15588
1 13217
1 2768
1 1408
1 5188
1 11642
1 6874
1 14754
1 7302
1 953
1 3885
1 16558
1 543
1 27
1 5079
1 1104
1 6653
1 3160
1 6383
1 11538
1 4659
1 14672
1 2226
1 10054
1 8126
1 14925
1 7558
1 8281
1 7416
1 10550
1 1372
1 10898
1 5098
1 722
1 3097
1 7740
1 1259
1 4279
1 4060
1 9264
1 12830
1 10020
1 11307
1 10391
1 2985
1 1626
1 9503
1 9184
1 2197
1 2013
1 1203
1 1416
1 6439
1 3512
1 13932
1 15256
1 14441
1 8710
1 5578
1 15012
1 715
1 4854
1 3150
1 4579
1 12352
1 6220
1 828
1 16788
1 4181
1 1934
1 3809
1 10566
1 3633
1 2433
1 3409
1 2178
1 926
1 4568
1 2678
1 14767
1 2363
1 1227
1 3096
1 1962
1 135
1 16045
1 9282
1 6142
1 14134
1 12422
1 4575
1 716
1 5012
1 14924
1 5707
1 1090
1 9997
1 4069
1 622
1 2768
1 7456
1 13577
1 10717
1 5557
1 2565
1 4639
1 655
1 15956
1 1521
1 2147
1 13326
1 4090
1 16135
1 12967
1 10539
1 6880
1 11588
1 307
1 15267
1 7697
1 14559
1 7277
1 10663
1 15
1 1454
1 4695
1 8551
1 2969
1 8901
1 4047
1 66
1 12035
1 980
1 276
1 12788
1 2817
1 3485
1 2166
1 7250
1 4800
1 6219
1 5700
1 9612
1 8459
1 13322
1 3244
1 4924
1 13567
1 15094
1 7916
1 13258
1 4307
1 4144
1 14006
1 9253
1 7929
1 3660
1 10697
1 9607
1 12503
1 4256
1 6740
1 13980
1 5448
1 10180
1 2578
1 11328
1 12664
1 5683
1 7902
1 5826
1 2787
1 11474
1 10246
1 7464
1 6878
1 8285
1 8706
1 3218
1 15390
1 10648
1 16365
1 4617
1 2767
1 4881
1 1137
1 3634
1 7879
1 7576
1 28
1 3678
1 13656
1 1398
1 4847
1 2230
1 13698
1 6831
1 14208
1 1355
1 369
1 8952
1 988
1 4126
1 13341
1 15474
1 3408
1 16889
1 12088
1 1133
1 14927
1 13696
1 13834
1 17
1 3813
1 8542
1 10029
1 4550
1 7335
1 570
1 230
1 12509
1 1091
1 8957
1 16045
1 2216
1 9399
1 6296
1 11316
1 14782
1 5690
1 5034
1 5711
1 16274
1 10550
1 11334
1 12846
1 5265
1 13516
1 508
1 9513
1 3637
1 6599
1 2204
1 8035
1 15230
1 2528
1 477
1 12115
1 3716
1 13367
1 6980
1 16658
1 5040
1 1009
1 3981
1 6647
1 12176
1 1213
1 23
1 320
1 956
1 2715
1 5312
1 12828
1 6412
1 2765
1 2364
1 15127
1 14177
1 5267
1 12494
1 16807
1 1104
1 1116
1 15309
1 4437
1 5205
1 5993
1 10209
1 7974
1 9103
1 6108
1 10657
1 6138
1 14552
1 5588
1 5517
1 15036
1 6932
1 8838
1 16657
1 4864
1 8718
1 10677
1 13862
1 1762
1 13121
1 1215
1 10005
1 7415
1 2635
1 4967
1 4469
1 5019
1 27
1 704
1 4547
1 8289
1 12730
1 5400
1 15651
1 917
1 7811
1 16886
1 516
1 76
1 15510
1 15123
1 1780
1 4852
1 4269
1 7669
1 13164
1 1508
1 3121
1 3429
1 7453
1 15323
1 15313
1 16449
1 6855
1 5557
1 5425
1 1673
1 7235
1 9630
1 16292
1 7025
1 5769
1 11814
1 13911
1 2948
1 4674
1 13411
1 6676
1 1082
1 11236
1 10573
1 6559
1 10505
1 6424
1 447
1 2577
1 1665
1 2269
1 3777
1 520
1 5813
1 16341
1 13659
1 8791
1 10269
1 2960
1 8975
1 2095
1 2659
1 9271
1 9252
1 10626
1 799
1 1189
1 2434
1 2224
1 14469
1 11150
1 4888
1 9734
1 11723
1 1440
1 426
1 8160
1 9529
1 14655
1 570
1 1062
1 8399
1 8249
1 1491
1 9408
1 6218
1 13778
1 9103
1 16320
1 10068
1 1014
1 3521
1 648
1 12393
1 13770
1 808
1 3335
1 8965
1 11591
1 1261
1 13680
1 8339
1 3209
1 7669
1 4863
1 15962
1 479
1 13172
1 2434
1 27
1 11241
1 2852
1 16260
1 17
1 6948
1 4717
1 7394
1 5987
1 1712
1 13707
1 917
1 12015
1 14018
1 10608
1 5529
1 6416
1 12824
1 7245
1 5393
1 8114
1 714
1 4298
1 12997
1 1955
1 13592
1 1095
1 11708
1 9953
1 7151
1 10965
1 11703
1 3264
1 8096
1 2231
1 7997
1 10240
1 395
1 11350
1 409
1 6349
1 3785
1 2306
1 832
1 9315
1 13678
1 15035
1 2503
1 13224
1 7867
1 7128
1 4318
1 9185
1 13364
1 935
1 12108
1 2146
1 9878
1 3922
1 10713
1 5094
1 10299
1 14126
1 13858
1 14331
1 48
1 3586
1 14786
1 10386
1 6582
1 12569
1 8511
1 14047
1 9738
1 4663
1 48
1 12037
1 6835
1 11815
1 8754
1 6522
1 5091
1 957
1 3347
1 628
1 1027
1 151
1 10309
1 7071
1 7558
1 15692
1 1113
1 223
1 7262
1 6662
1 9520
1 9103
1 2401
1 11543
1 10129
1 294
1 1796
1 14737
1 3018
1 655
1 9336
1 8682
1 4581
1 3939
1 5920
1 668
1 14607
1 4130
1 14380
1 3598
1 12577
1 429
1 6102
1 16144
1 6366
1 3483
1 9215
1 3637
1 917
1 10674
1 12086
1 4063
1 4039
1 8606
1 10733
1 7850
1 3297
1 1180
1 7118
1 3022
1 6651
1 5841
1 4285
1 7001
1 3931
1 16270
1 15385
1 9960
1 3075
1 1992
1 16382
1 2965
1 1725
1 2365
1 6969
1 13115
1 10089
1 8838
1 2495
1 5744
1 315
1 4308
1 4346
1 8189
1 14632
1 3067
1 5058
1 10202
1 26
1 9355
1 7267
1 1631
1 11337
1 14758
1 5115
1 16009
1 10540
1 9832
1 3531
1 1765
1 4261
1 5690
1 7101
1 7416
1 2456
1 2089
1 11511
1 9512
1 1983
1 6914
1 13962
1 926
1 9555
1 6693
1 7557
1 905
1 4255
1 8598
1 4372
1 9607
1 14788
1 17
1 5778
1 10271
1 7520
1 1045
1 4904
1 9103
1 5738
1 9991
1 14988
1 1550
1 545
1 10697
1 12615
1 2666
1 4243
1 5489
1 11947
1 11689
1 1501
1 408
1 1846
1 1313
1 5532
1 15783
1 12244
1 4236
1 13661
1 1476
1 3356
1 5312
1 2485
1 13699
1 7658
1 1891
1 16134
1 10580
1 7954
1 2194
1 2273
1 6150
1 2174
1 16845
1 12944
1 1403
1 11760
1 10808
1 4499
1 14620
1 15600
1 8114
1 11645
1 16868
1 1963
1 12247
1 2111
1 4432
1 14510
1 549
1 7505
1 5856
1 10228
1 12715
1 1247
1 13388
1 9674
1 452
1 5282
1 13301
1 16154
1 1939
1 13320
1 12713
1 2558
1 11629
1 1987
1 12144
1 16355
1 37
1 8079
1 2165
1 8339
1 11068
1 11152
1 5880
1 9091
1 434
1 10765
1 8855
1 13294
1 10539
1 6229
1 13490
1 11495
1 16045
1 2844
1 12228
1 5720
1 8400
1 2267
1 5319
1 5855
1 1842
1 10526
1 10699
1 9496
1 6566
1 4880
1 2231
1 15473
1 11606
1 11514
1 11668
1 10105
1 2118
1 14456
1 6875
1 4262
1 2078
1 16628
1 8056
1 11973
1 8320
1 7082
1 14750
1 15655
1 8940
1 942
1 5506
1 10304
1 47
1 3050
1 4160
1 3132
1 11771
1 9860
1 2691
1 12340
1 4045
1 10211
1 4114
1 1728
1 638
1 2583
1 14387
1 15134
1 5492
1 14236
1 16097
1 7371
1 16722
1 2736
1 3244
1 4608
1 8791
1 2657
1 1785
1 16219
1 7337
1 9159
1 3550
1 3255
1 571
1 8232
1 2851
1 483
1 12377
1 7416
1 16514
1 13670
1 9829
1 13948
1 7393
1 7723
1 4367
1 929
1 13765
1 638
1 4478
1 12388
1 3620
1 4061
1 6860
1 10276
1 3616
1 767
1 1876
1 42
1 5998
1 639
1 15407
1 7675
1 7147
1 3175
1 5879
1 13043
1 14002
1 5359
1 11548
1 4577
1 6582
1 98
1 3028
1 1520
1 11238
1 3660
1 16265
1 9458
1 6259
1 5791
1 4473
1 9572
1 3937
1 11352
1 1888
1 15512
1 10510
1 7042
1 3846
1 9715
1 814
1 1222
1 9211
1 3407
1 2593
1 2791
1 1246
1 11666
1 73
1 14819
1 5959
1 6922
1 2563
1 12026
1 3933
1 1383
1 3
1 2146
1 9103
1 13710
1 6774
1 10390
1 4228
1 47
1 716
1 2765
1 1122
1 4682
1 2018
1 13912
1 12643
1 13796
1 6596
1 6641
1 16011
1 15060
1 5709
1 11743
1 3275
1 286
1 13099
1 11135
1 12031
1 14362
1 838
1 8137
1 2599
1 14503
1 9150
1 5400
1 7449
1 4057
1 10190
1 11192
1 12745
1 7448
1 12374
1 398
1 4561
1 1526
1 3635
1 5855
1 14456
1 1978
1 5462
1 418
1 13088
1 11638
1 5855
1 2359
1 6126
1 13966
1 8459
1 9541
1 1230
1 2597
1 1283
1 325
1 5429
1 3830
1 1280
1 887
1 884
1 244
1 1928
1 13752
1 969
1 3704
1 6656
1 735
1 6098
1 13828
1 8379
1 7147
1 8877
1 10891
1 14877
1 15496
1 1353
1 3790
1 1127
1 5440
1 13149
1 4976
1 13520
1 13358
1 1393
1 838
1 9692
1 15531
1 12317
1 723
1 1357
1 15360
1 7111
1 3324
1 1361
1 3300
1 16556
1 4590
1 4479
1 13874
1 11698
1 5710
1 335
1 9055
1 1280
1 1019
1 2378
1 1333
1 27
1 8082
1 1141
1 14662
1 1369
1 76
1 631
1 4720
1 530
1 1476
1 5116
1 10778
1 14101
1 3021
1 1915
1 3418
1 4741
1 7049
1 7695
1 11740
1 7049
1 12791
1 10217
1 482
1 15844
1 1245
1 14849
1 5832
1 8083
1 146
1 7152
1 9624
1 119
1 8191
1 9050
1 10731
1 5259
1 8501
1 5503
1 2253
1 5588
1 10188
1 8421
1 7375
1 12807
1 12279
1 10942
1 4584
1 1673
1 11599
1 6127
1 8444
1 917
1 2589
1 10573
1 15184
1 1772
1 12046
1 5358
1 7341
1 1049
1 6314
1 5718
1 252
1 16951
1 12411
1 5474
1 5938
1 3688
1 13009
1 6801
1 3754
1 8658
1 12241
1 10773
1 9444
1 1234
1 7764
1 14606
1 12438
1 13713
1 14995
1 7415
1 9835
1 13988
1 1005
1 1987
1 3247
1 7929
1 5235
1 227
1 14945
1 9580
1 7183
1 6087
1 3495
1 10066
1 1903
1 8495
1 9559
1 11519
1 8330
1 5936
1 13614
1 15367
1 6590
1 2284
1 1466
1 13419
1 11644
1 5141
1 12849
1 2653
1 6099
1 790
1 6806
1 12634
1 1798
1 10401
1 13883
1 8558
1 1706
1 8249
1 226
1 6089
1 3466
1 11109
1 11643
1 9194
1 11806
1 14002
1 2306
1 7963
1 12331
1 16113
1 5066
1 16250
1 3767
1 6701
1 2589
1 888
1 1718
1 13780
1 1590
1 3782
1 8156
1 8909
1 3092
1 11364
1 10905
1 15345
1 2742
1 3580
1 13669
1 16137
1 10418
1 2650
1 14988
1 3136
1 5927
1 13682
1 9164
1 422
1 9347
1 14570
1 13883
1 7120
1 13218
1 1181
1 4877
1 8931
1 9025
1 6393
1 10605
1 1822
1 2115
1 4009
1 15536
1 7174
1 972
1 2000
1 13715
1 13993
1 3688
1 395
1 13220
1 5346
1 6248
1 1212
1 16464
1 468
1 11658
1 12999
1 1969
1 549
1 1002
1 2124
1 147
1 8061
1 14769
1 845
1 981
1 7350
1 13093
1 5101
1 2790
1 6849
1 1316
1 1729
1 4869
1 2979
1 417
1 13184
1 3096
1 3162
1 5773
1 477
1 13444
1 11546
1 4880
1 16115
1 3698
1 13722
1 7147
1 9432
1 15303
1 15265
1 6483
1 8477
1 4968
1 11496
1 16482
1 483
1 1020
1 4358
1 5207
1 7621
1 2825
1 10464
1 8754
1 13276
1 12453
1 1744
1 12431
1 2747
1 8517
1 4782
1 3569
1 4350
1 322
1 1240
1 8700
1 6218
1 6207
1 9872
1 16636
1 9183
1 11685
1 12892
1 1886
1 1898
1 13674
1 4179
1 12377
1 3657
1 7326
1 9040
1 11956
1 2079
1 2136
1 3395
1 1764
1 16165
1 16296
1 11861
1 8861
1 1720
1 9914
1 7840
1 14101
1 1296
1 5608
1 1246
1 9121
1 6855
1 8151
1 10765
1 16141
1 7310
1 2411
1 14607
1 3343
1 14534
1 5157
1 892
1 2164
1 10720
1 47
1 521
1 615
1 1873
1 3885
1 15629
1 4967
1 1191
1 11132
1 2364
1 15223
1 14580
1 5154
1 5758
1 5217
1 9041
1 13697
1 9329
1 3216
1 5211
1 3985
1 2423
1 9989
1 9041
1 10641
1 11707
1 2627
1 2111
1 7402
1 817
1 378
1 1490
1 13770
1 13862
1 2468
1 5260
1 4278
1 16594
1 14508
1 4598
1 6559
1 666
1 15527
1 15295
1 5548
1 222
1 1482
1 6796
1 3263
1 5919
1 9790
1 13860
1 6864
1 2544
1 15007
1 10189
1 9362
1 7185
1 6300
1 6115
1 15276
1 16383
1 6627
1 9349
1 5439
1 9207
1 1195
1 3033
1 9957
1 789
1 2094
1 1015
1 4262
1 3321
1 4881
1 16599
1 15044
1 16510
1 5710
1 2008
1 1012
1 10880
1 1336
1 7123
1 6078
1 7713
1 14617
1 7833
1 16505
1 12849
1 10001
1 232
1 7590
1 15300
1 1228
1 9457
1 13653
1 628
1 9761
1 264
1 12589
1 8813
1 8771
1 5836
1 16549
1 1277
1 7097
1 1366
1 9707
1 228
1 15815
1 10083
1 14762
1 3354
1 5023
1 453
1 4689
1 3226
1 16815
1 7510
1 7864
1 1243
1 4972
1 1237
1 9864
1 4132
1 5395
1 16192
1 3946
1 5546
1 93
1 11113
1 5782
1 617
1 2914
1 15
1 4785
1 13565
1 4392
1 5541
1 4366
1 9362
1 13593
1 8511
1 12395
1 15082
1 14894
1 8494
1 13809
1 3611
1 5180
1 6106
1 4248
1 10032
1 5108
1 14260
1 13288
1 1730
1 3770
1 11221
1 11110
1 16415
1 10261
1 4754
1 13476
1 2308
1 8411
1 11587
1 11047
1 15390
1 10168
1 3953
1 8546
1 4070
1 13769
1 2686
1 4034
1 12240
1 10919
1 5633
1 7416
1 2178
1 6571
1 1439
1 13185
1 12900
1 4885
1 4113
1 1843
1 3362
1 2894
1 15342
1 1571
1 2303
1 8706
1 6387
1 4657
1 6449
1 2633
1 11507
1 15012
1 16615
1 5257
1 679
1 5546
1 1
1 1323
1 5017
1 6202
1 1822
1 1078
1 9715
1 4008
1 5312
1 5361
1 1011
1 5278
1 11115
1 8853
1 4670
1 10651
1 1772
1 4574
1 11077
1 10983
1 16242
1 3449
1 2594
1 6437
1 1926
1 10699
1 1090
1 9675
1 8640
1 1481
1 13675
1 2864
1 5814
1 4236
1 6250
1 12688
1 1796
1 3133
1 6863
1 3100
1 8383
1 1858
1 374
1 10079
1 13546
1 311
1 5684
1 484
1 9464
1 2389
1 14523
1 16180
1 1861
1 6852
1 4305
1 571
1 1113
1 5525
1 8415
1 8198
1 283
1 11184
1 888
1 4695
1 11106
1 14961
1 479
1 495
1 443
1 4707
1 3505
1 3882
1 32
1 13279
1 467
1 11571
1 10813
1 4780
1 1785
1 12572
1 5409
1 3194
1 2893
1 9366
1 12645
1 4020
1 9282
1 12568
1 13320
1 1611
1 5379
1 849
1 16144
1 6158
1 13638
1 929
1 12410
1 628
1 10182
1 13340
1 9443
1 10795
1 2108
1 498
1 11303
1 16787
1 1021
1 5111
1 2719
1 1500
1 5892
1 9149
1 15712
1 135
1 16680
1 5135
1 4173
1 15025
1 948
1 11581
1 14749
1 13187
1 1712
1 9927
1 3981
1 8961
1 16860
1 8158
1 6574
1 16043
1 9512
1 2803
1 3745
1 3006
1 1192
1 16
1 1469
1 1230
1 15229
1 7211
1 7857
1 13023
1 4942
1 755
1 8297
1 869
1 1024
1 10156
1 3825
1 12453
1 6989
1 5524
1 2932
1 13566
1 3282
1 9271
1 5720
1 15057
1 7494
1 12909
1 3857
1 450
1 14116
1 9591
1 5772
1 2186
1 5293
1 3179
1 14036
1 11756
1 1052
1 7189
1 14385
1 5505
1 13921
1 6894
1 1082
1 5223
1 4270
1 2020
1 3772
1 226
1 16853
1 5748
1 4604
1 14035
1 3943
1 13665
1 15860
1 9597
1 14177
1 13108
1 2592
1 10121
1 3778
1 8683
1 9212
1 5599
1 7888
1 8024
1 1497
1 2007
1 921
1 13863
1 5039
1 9334
1 5401
1 15897
1 1652
1 184
1 6218
1 11328
1 3011
1 13842
1 5701
1 2973
1 13194
1 10782
1 13214
1 16341
1 11158
1 7052
1 4179
1 1437
1 7138
1 3393
1 11489
1 15313
1 5698
1 11371
1 2690
1 4180
1 4480
1 9988
1 2445
1 16249
1 12571
1 6772
1 15480
1 1095
1 4600
1 14523
1 6360
1 16969
1 10193
1 2589
1 4852
1 6343
1 5110
1 819
1 9768
1 4058
1 12300
1 3569
1 11571
1 921
1 14288
1 7987
1 1140
1 8433
1 11706
1 1090
1 1562
1 15259
1 12707
1 5147
1 445
1 596
1 10525
1 13595
1 6809
1 13286
1 490
1 2171
1 12213
1 4316
1 1595
1 4740
1 13027
1 9780
1 6548
1 16179
1 2803
1 7081
1 6877
1 8024
1 7734
1 2675
1 7198
1 10125
1 3100
1 16045
1 12081
1 1002
1 3103
1 11939
1 14541
1 8150
1 6338
1 489
1 12059
1 1631
1 7597
1 1929
1 6995
1 8307
1 911
1 2261
1 13183
1 10223
1 4485
1 3569
1 9334
1 1488
1 15963
1 772
1 6224
1 14424
1 16487
1 8929
1 605
1 4450
1 12752
1 13781
1 11617
1 5327
1 1192
1 6313
1 3212
1 6565
1 1005
1 13078
1 15877
1 4759
1 2964
1 15309
1 13194
1 5782
1 5748
1 7318
1 4164
1 13871
1 8574
1 443
1 3606
1 13565
1 14120
1 2217
1 11184
1 13912
1 3391
1 9893
1 12653
1 8662
1 8012
1 3609
1 5820
1 16970
1 9210
1 4828
1 8330
1 12230
1 7597
1 1868
1 1862
1 1262
1 14346
1 635
1 16648
1 7065
1 3906
1 2971
1 4326
1 2668
1 8517
1 6433
1 4877
1 14342
1 12335
1 2021
1 15992
1 3185
1 7591
1 216
1 2872
1 883
1 678
1 7622
1 3552
1 6915
1 5510
1 10907
1 13846
1 9744
1 1248
1 4663
1 2840
1 7893
1 436
1 16540
1 3244
1 14730
1 11367
1 10143
1 7025
1 13055
1 2995
1 1513
1 15626
1 6277
1 4736
1 267
1 16722
1 16681
1 4932
1 9824
1 13556
1 11026
1 6085
1 10574
1 4812
1 4059
1 9914
1 6690
1 2397
1 14603
1 13956
1 888
1 6554
1 3087
1 13049
1 2596
1 6493
1 9568
1 1053
1 14422
1 1443
1 14070
1 14694
1 1944
1 12478
1 2114
1 4626
1 8052
1 249
1 14450
1 11062
1 2994
1 11494
1 12235
1 12624
1 6092
1 8196
1 9132
1 11838
1 12469
1 2056
1 10
1 1980
1 13339
1 483
1 1491
1 9134
1 8465
1 15983
1 1164
1 8712
1 15422
1 10983
1 4755
1 16928
1 647
1 1479
1 7383
1 14619
1 3130
1 10137
1 12859
1 2422
1 3275
1 615
1 814
1 2158
1 5836
1 1141
1 4361
1 9332
1 6707
1 10509
1 258
1 5825
1 9458
1 15012
1 2211
1 11682
1 6219
1 2735
1 1103
1 4881
1 4780
1 14936
1 7654
1 4043
1 4812
1 7147
1 11887
1 1211
1 1118
1 1479
1 7001
1 6596
1 12447
1 14627
1 6982
1 5441
1 8326
1 16300
1 7536
1 4904
1 8130
1 6284
1 1484
1 1276
1 8936
1 7013
1 3601
1 7135
1 11711
1 4468
1 7520
1 1090
1 2921
1 10105
1 4675
1 10046
1 7784
1 13194
1 8026
1 7976
1 1928
1 6589
1 2546
1 16318
1 7053
1 628
1 11650
1 15795
1 16087
1 5537
1 3589
1 13422
1 12568
1 7973
1 16077
1 6850
1 14967
1 14236
1 1199
1 9580
1 15270
1 12000
1 8017
1 4702
1 12118
1 2872
1 13788
1 10337
1 15856
1 16929
1 11265
1 6183
1 13493
1 11642
1 16100
1 1831
1 1194
1 6972
1 7037
1 772
1 11868
1 2767
1 15751
1 1408
1 3206
1 8705
1 2358
1 2290
1 633
1 5716
1 3385
1 999
1 12520
1 3160
1 8157
1 871
1 4006
1 8987
1 10729
1 2731
1 15420
1 5328
1 8418
1 1353
1 12213
1 22
1 3981
1 10866
1 1206
1 1419
1 1866
1 10183
1 6075
1 5429
1 40
1 13520
1 3120
1 11926
1 15573
1 13462
1 6028
