1 3332
1 15458
1 800
1 709
1 13250
1 648
1 7492
1 1545
1 4363
1 11900
1 1238
1 2434
1 9887
1 5040
1 4420
1 4179
1 9222
1 2721
1 4797
1 11158
1 5619
1 1677
1 3502
1 13647
1 9999
1 5819
1 4018
1 10935
1 1213
1 3666
1 107
1 12878
1 2744
1 16493
1 70
1 6917
1 1130
1 3468
1 12505
1 5621
1 822
1 10790
1 4262
1 15031
1 380
1 3528
1 12154
1 1810
1 8590
1 1665
1 1181
1 3660
1 4865
1 6035
1 3312
1 11957
1 6834
1 14607
1 579
1 2229
1 845
1 10579
1 11610
1 1152
1 5726
1 13493
1 7159
1 8928
1 11427
1 4857
1 4344
1 9998
1 5411
1 16045
1 13109
1 1600
1 9494
1 7918
1 13777
1 2794
1 977
1 5261
1 645
1 8733
1 12241
1 1665
1 15190
1 1330
1 4223
1 3599
1 19
1 2315
1 14102
1 1777
1 2670
1 3648
1 1919
1 1394
1 6264
1 139
1 5291
1 5702
1 10669
1 11200
1 8590
1 2515
1 16777
1 4739
1 3085
1 1818
1 1115
1 3942
1 1225
1 15577
1 2237
1 903
1 911
1 15895
1 2462
1 4737
1 2900
1 5508
1 15723
1 728
1 3953
1 10526
1 16429
1 8669
1 16383
1 16334
1 12523
1 7680
1 16687
1 2592
1 197
1 14
1 9582
1 761
1 6269
1 852
1 15858
1 5690
1 5311
1 9978
1 68
1 15403
1 9759
1 7031
1 5249
1 917
1 14808
1 1027
1 14275
1 12276
1 2002
1 54
1 4690
1 12481
1 1958
1 9309
1 8754
1 16645
1 6068
1 849
1 8323
1 1673
1 4618
1 6317
1 1168
1 6159
1 3348
1 6884
1 7922
1 9870
1 7110
1 706
1 10439
1 5552
1 5813
1 10540
1 1177
1 718
1 14904
1 3360
1 2877
1 13193
1 12563
1 15154
1 9868
1 4912
1 11142
1 1242
1 16829
1 9136
1 4393
1 16898
1 6327
1 3636
1 4562
1 1213
1 13703
1 16105
1 11329
1 10466
1 16333
1 5617
1 12508
1 4262
1 3342
1 11734
1 10758
1 3048
1 2388
1 1903
1 1126
1 14102
1 2798
1 520
1 10601
1 12664
1 4589
1 123
1 11888
1 8180
1 16141
1 14983
1 243
1 13740
1 1542
1 2681
1 6783
1 896
1 8678
1 11515
1 512
1 8943
1 9007
1 15582
1 10112
1 11824
1 2505
1 6353
1 10340
1 11315
1 755
1 9141
1 15431
1 3431
1 6005
1 7152
1 13854
1 3672
1 16743
1 13078
1 270
1 11967
1 10775
1 4613
1 3130
1 7354
1 10765
1 7430
1 11285
1 7392
1 1009
1 9847
1 14877
1 627
1 10049
1 303
1 2240
1 7119
1 15286
1 16568
1 15185
1 12551
1 4437
1 6255
1 4179
1 3638
1 690
1 11148
1 9103
1 2841
1 6931
1 4009
1 8986
1 4576
1 16266
1 15023
1 1570
1 1993
1 4257
1 318
1 3404
1 16749
1 12190
1 8988
1 7296
1 13934
1 1711
1 9950
1 13630
1 7499
1 691
1 11571
1 13382
1 501
1 3670
1 4999
1 2092
1 15787
1 10071
1 3256
1 9966
1 1199
1 14205
1 11723
1 226
1 418
1 3060
1 7994
1 11859
1 7331
1 13142
1 3660
1 4301
1 2489
1 47
1 14837
1 2017
1 3683
1 2653
1 1240
1 12244
1 9973
1 2489
1 4643
1 8485
1 1181
1 1122
1 7897
1 13656
1 7030
1 10555
1 16248
1 2983
1 6484
1 15610
1 12239
1 9542
1 5363
1 4080
1 2914
1 4993
1 1090
1 7725
1 14501
1 6229
1 15715
1 2625
1 1521
1 11250
1 3478
1 8831
1 5410
1 5819
1 4130
1 8213
1 797
1 8464
1 10294
1 9467
1 8090
1 9124
1 1200
1 16550
1 1200
1 2753
1 15184
1 12312
1 1919
1 13556
1 8136
1 3183
1 10897
1 2788
1 8765
1 4030
1 12626
1 1275
1 16198
1 13410
1 12801
1 8611
1 14875
1 2263
1 2916
1 13113
1 15440
1 3271
1 3748
1 6487
1 2189
1 6617
1 2479
1 2355
1 4023
1 4533
1 6063
1 17
1 10852
1 15842
1 223
1 4229
1 8272
1 15520
1 5266
1 9048
1 6587
1 8588
1 2540
1 453
1 1161
1 3782
1 9195
1 13498
1 3752
1 11435
1 628
1 4800
1 1278
1 8790
1 923
1 10910
1 10524
1 3409
1 12833
1 8712
1 3673
1 7606
1 5444
1 5754
1 505
1 1713
1 2175
1 2509
1 13727
1 2785
1 11536
1 1430
1 2882
1 16666
1 14081
1 2513
1 10768
1 6944
1 4075
1 15673
1 55
1 14988
1 3291
1 14846
1 8418
1 2480
1 14380
1 10663
1 688
1 13262
1 1491
1 13654
1 346
1 8546
1 6996
1 8268
1 6521
1 2785
1 380
1 6523
1 11314
1 14035
1 11211
1 4781
1 12493
1 7203
1 628
1 2225
1 3292
1 13661
1 702
1 2639
1 1318
1 2615
1 15193
1 3817
1 2227
1 7226
1 5161
1 13272
1 7909
1 15233
1 12011
1 11203
1 5000
1 4264
1 9143
1 1277
1 286
1 14208
1 2749
1 71
1 1350
1 11513
1 5371
1 5802
1 1955
1 3050
1 4691
1 11567
1 3782
1 13061
1 7426
1 2637
1 4796
1 13882
1 2086
1 2595
1 11612
1 6677
1 5202
1 6419
1 7071
1 9947
1 10286
1 889
1 16255
1 477
1 4492
1 4383
1 8071
1 13794
1 1977
1 10196
1 9047
1 9524
1 11240
1 8075
1 839
1 1546
1 4188
1 11586
1 6422
1 12528
1 15840
1 5573
1 2594
1 1931
1 2794
1 2822
1 4540
1 775
1 12991
1 1015
1 4083
1 4671
1 5011
1 5677
1 6863
1 2869
1 10741
1 1693
1 16804
1 14053
1 1003
1 4197
1 220
1 13718
1 4726
1 14912
1 4976
1 5009
1 10176
1 3468
1 14034
1 9312
1 5607
1 14787
1 1888
1 447
1 4240
1 1351
1 8041
1 10213
1 16182
1 6441
1 3492
1 5560
1 10363
1 16177
1 15357
1 1380
1 2202
1 1665
1 3301
1 2323
1 7337
1 13428
1 3760
1 2419
1 6162
1 14886
1 13099
1 3081
1 11722
1 1240
1 8112
1 3177
1 15684
1 15308
1 4763
1 2390
1 4217
1 8816
1 11512
1 4745
1 180
1 16719
1 2681
1 7646
1 972
1 4020
1 11551
1 3367
1 2256
1 11887
1 8452
1 5299
1 2485
1 13187
1 9294
1 2643
1 6682
1 16517
1 3611
1 834
1 2243
1 5560
1 1110
1 5614
1 16955
1 14221
1 2369
1 16105
1 14763
1 13695
1 8511
1 7925
1 6370
1 14834
1 5070
1 28
1 335
1 877
1 6970
1 5312
1 8181
1 2872
1 14309
1 1061
1 2364
1 7962
1 7536
1 921
1 4604
1 7410
1 4805
1 7229
1 9282
1 1255
1 11577
1 7528
1 14056
1 684
1 758
1 5072
1 15762
1 10856
1 2944
1 1177
1 5437
1 4775
1 14513
1 14637
1 14034
1 14181
1 6563
1 2231
1 7871
1 14176
1 335
1 2836
1 5820
1 14345
1 5579
1 7189
1 11244
1 14002
1 12830
1 4983
1 11070
1 6098
1 2164
1 13757
1 2183
1 2304
1 16732
1 7208
1 12928
1 1134
1 139
1 9375
1 8749
1 934
1 3573
1 16
1 3767
1 13342
1 16239
1 10926
1 1565
1 6019
1 15117
1 1049
1 3848
1 4018
1 8746
1 8693
1 4340
1 6330
1 45
1 8369
1 3431
1 2177
1 5400
1 3769
1 1898
1 7256
1 14329
1 9830
1 10368
1 2977
1 15223
1 13135
1 16001
1 2611
1 15026
1 3033
1 8492
1 6544
1 5737
1 3145
1 2495
1 4184
1 6257
1 13598
1 2594
1 15313
1 7187
1 921
1 14406
1 6484
1 13695
1 4729
1 10554
1 3023
1 11978
1 2119
1 5304
1 13321
1 5385
1 6038
1 2203
1 8490
1 62
1 13786
1 12919
1 11073
1 1868
1 10367
1 4944
1 6834
1 3197
1 8209
1 3935
1 12619
1 5690
1 10629
1 2845
1 7107
1 10318
1 2440
1 10595
1 14289
1 1439
1 6362
1 13068
1 14607
1 12032
1 6604
1 3419
1 2204
1 2979
1 12264
1 605
1 4520
1 10360
1 9073
1 5407
1 15087
1 1073
1 4693
1 8721
1 13564
1 10321
1 5872
1 11371
1 2218
1 7012
1 7892
1 12522
1 7922
1 6541
1 6056
1 668
1 2963
1 2771
1 16594
1 6721
1 3249
1 5815
1 7702
1 8347
1 10925
1 10785
1 2539
1 9508
1 709
1 8044
1 7545
1 7990
1 11785
1 14850
1 5774
1 14277
1 6730
1 12375
1 10643
1 2546
1 8728
1 16658
1 12571
1 8839
1 13683
1 1235
1 10605
1 9282
1 2897
1 2473
1 1134
1 3373
1 12890
1 13638
1 426
1 2462
1 9966
1 2280
1 15129
1 15878
1 5745
1 4778
1 7415
1 5203
1 9126
1 7315
1 12606
1 3694
1 9104
1 281
1 1077
1 13425
1 12933
1 3569
1 3156
1 12571
1 7127
1 483
1 9392
1 11503
1 12887
1 3493
1 5267
1 62
1 1483
1 6367
1 101
1 6403
1 240
1 16866
1 3981
1 7927
1 9216
1 14715
1 2311
1 1760
1 13244
1 4326
1 2214
1 9919
1 8976
1 8529
1 5368
1 10957
1 9232
1 791
1 9816
1 4884
1 692
1 14862
1 3009
1 9370
1 10342
1 1847
1 7194
1 11861
1 13243
1 2869
1 10769
1 12218
1 2400
1 249
1 3045
1 13323
1 6382
1 1775
1 3982
1 9230
1 95
1 11689
1 3714
1 15027
1 12004
1 2201
1 15821
1 9958
1 14165
1 14915
1 6953
1 1200
1 2422
1 666
1 3524
1 4692
1 5664
1 6824
1 3411
1 47
1 4093
1 1533
1 13226
1 11205
1 5770
1 4440
1 14325
1 2701
1 3255
1 64
1 14270
1 7183
1 14248
1 4499
1 14007
1 16803
1 3071
1 1945
1 11096
1 4689
1 7515
1 2350
1 1698
1 4089
1 15107
1 14663
1 11129
1 81
1 1112
1 11097
1 1645
1 3222
1 4536
1 2308
1 828
1 13410
1 9143
1 14176
1 8556
1 3109
1 10152
1 6059
1 3046
1 15029
1 15544
1 1252
1 10962
1 4879
1 5281
1 4161
1 4581
1 13757
1 5929
1 14
1 4738
1 11490
1 50
1 1156
1 10939
1 13672
1 918
1 7775
1 1012
1 888
1 9927
1 3981
1 3269
1 16671
1 1115
1 16386
1 8288
1 13482
1 13464
1 12527
1 525
1 9611
1 2445
1 220
1 14169
1 4716
1 6398
1 2379
1 13227
1 1366
1 13862
1 12363
1 4067
1 3407
1 10043
1 7895
1 6143
1 9998
1 7884
1 4578
1 5926
1 14544
1 5840
1 758
1 1708
1 5855
1 4037
1 6791
1 5168
1 12826
1 15385
1 16067
1 5976
1 1270
1 11644
1 10942
1 8750
1 4989
1 2596
1 11160
1 14195
1 1926
1 3981
1 10470
1 6838
1 3399
1 12567
1 1395
1 15761
1 13975
1 3723
1 12563
1 12453
1 6407
1 9204
1 6886
1 7785
1 169
1 2691
1 10848
1 13748
1 12841
1 9011
1 1219
1 10890
1 13103
1 11116
1 13669
1 12956
1 230
1 3101
1 3798
1 15821
1 2205
1 2078
1 3038
1 4239
1 10962
1 6548
1 10354
1 484
1 3236
1 1277
1 342
1 13663
1 7834
1 9417
1 1710
1 4163
1 13065
1 4084
1 488
1 845
1 2273
1 3604
1 16130
1 6204
1 5525
1 2389
1 16060
1 8071
1 14951
1 3089
1 8876
1 15331
1 3814
1 2746
1 5428
1 1117
1 9232
1 5121
1 10555
1 10454
1 12977
1 7881
1 9443
1 2208
1 6633
1 12186
1 8321
1 943
1 7231
1 14447
1 1350
1 2462
1 5007
1 4050
1 4824
1 6439
1 10944
1 12479
1 14306
1 1134
1 11306
1 3880
1 11852
1 1477
1 477
1 8
1 3232
1 8139
1 4179
1 9286
1 1578
1 7167
1 15516
1 10957
1 3591
1 1673
1 12821
1 11377
1 16253
1 1226
1 10803
1 12066
1 5041
1 4656
1 6482
1 2390
1 5935
1 9984
1 10148
1 9890
1 13705
1 7803
1 7248
1 2630
1 380
1 2025
1 3517
1 3782
1 6616
1 13155
1 13718
1 6044
1 5403
1 4606
1 14645
1 13344
1 10519
1 15207
1 9815
1 1879
1 4012
1 11847
1 11197
1 5403
1 11972
1 1987
1 7471
1 14209
1 45
1 5488
1 7563
1 5301
1 8801
1 3902
1 13802
1 3506
1 14715
1 15869
1 8050
1 4763
1 7721
1 3032
1 296
1 2686
1 8541
1 2142
1 1902
1 9501
1 10665
1 865
1 7882
1 10048
1 8490
1 5152
1 13686
1 2771
1 11390
1 11091
1 2912
1 7848
1 6600
1 1590
1 6902
1 1882
1 3737
1 509
1 16425
1 2712
1 4253
1 13846
1 9103
1 4398
1 9869
1 10577
1 3756
1 14943
1 14700
1 6518
1 1312
1 2411
1 857
1 1421
1 9966
1 8835
1 9519
1 4832
1 4946
1 10875
1 1094
1 14525
1 1312
1 14177
1 5884
1 4065
1 628
1 8393
1 13117
1 7599
1 10278
1 15979
1 317
1 6546
1 8183
1 2576
1 5855
1 10074
1 5761
1 10589
1 681
1 3236
1 13774
1 5173
1 3149
1 6280
1 5467
1 704
1 14607
1 530
1 13993
1 16221
1 271
1 7802
1 3817
1 2726
1 6971
1 2904
1 14129
1 5563
1 3042
1 13530
1 4823
1 11885
1 11914
1 15351
1 7620
1 16405
1 2216
1 10441
1 247
1 4045
1 3978
1 16146
1 14391
1 1203
1 2501
1 2596
1 13619
1 11309
1 6695
1 15179
1 3279
1 867
1 16045
1 238
1 2948
1 11936
1 8538
1 12393
1 7069
1 1194
1 3502
1 5030
1 3225
1 14192
1 12294
1 95
1 12250
1 192
1 9010
1 12923
1 5323
1 7438
1 12494
1 767
1 755
1 4630
1 12344
1 3358
1 2168
1 3250
1 4571
1 9947
1 13967
1 8469
1 10983
1 825
1 7891
1 9581
1 16976
1 3598
1 11027
1 15060
1 3302
1 4906
1 13585
1 10109
1 7339
1 3181
1 13948
1 13661
1 16628
1 8087
1 2902
1 1203
1 3083
1 2808
1 3130
1 1998
1 684
1 14091
1 7955
1 10691
1 393
1 3185
1 14182
1 7951
1 16686
1 4793
1 12382
1 4478
1 1928
1 9864
1 15788
1 3588
1 3645
1 10220
1 4836
1 6577
1 1557
1 13567
1 3133
1 3397
1 8377
1 12464
1 3842
1 7046
1 10983
1 11192
1 14248
1 4468
1 14713
1 15130
1 3299
1 3636
1 4339
1 4798
1 2873
1 8055
1 4203
1 16743
1 5127
1 10600
1 9528
1 10597
1 2075
1 304
1 10405
1 4421
1 14687
1 6799
1 12053
1 13657
1 13822
1 4367
1 13410
1 226
1 13252
1 8459
1 11027
1 798
1 1565
1 6370
1 3993
1 3631
1 6963
1 2140
1 998
1 7599
1 2217
1 6403
1 1918
1 14098
1 9920
1 3660
1 1351
1 5034
1 9763
1 2674
1 8988
1 12290
1 10215
1 13546
1 1617
1 1106
1 2465
1 5448
1 2944
1 6395
1 2741
1 3839
1 13034
1 6087
1 3601
1 5919
1 800
1 12849
1 14116
1 3
1 12812
1 11867
1 3847
1 7041
1 3945
1 5001
1 7120
1 2769
1 10359
1 11736
1 1592
1 16171
1 2215
1 7324
1 6806
1 5855
1 3033
1 10600
1 2803
1 12503
1 6929
1 4479
1 7559
1 2753
1 7265
1 13126
1 4239
1 5961
1 966
1 10483
1 8500
1 1568
1 13845
1 1438
1 2341
1 13874
1 13703
1 6396
1 3232
1 8434
1 13713
1 5772
1 11099
1 1393
1 1154
1 11694
1 628
1 7293
1 9392
1 12231
1 6757
1 11120
1 162
1 561
1 15103
1 587
1 5767
1 14442
1 5900
1 12564
1 3699
1 6193
1 8088
1 13632
1 7491
1 15686
1 247
1 1927
1 9760
1 4950
1 5814
1 10430
1 5622
1 7250
1 3358
1 14145
1 13188
1 75
1 14590
1 944
1 13540
1 11919
1 2376
1 1240
1 8794
1 6621
1 9538
1 15197
1 4763
1 5134
1 13787
1 2768
1 3456
1 2477
1 1308
1 17
1 9920
1 6682
1 12115
1 2853
1 9130
1 4783
1 16122
1 16481
1 9103
1 4539
1 16771
1 6581
1 615
1 14183
1 6736
1 5311
1 10238
1 8477
1 450
1 120
1 14287
1 9881
1 9374
1 2588
1 15508
1 13663
1 5769
1 240
1 12909
1 13044
1 2912
1 7581
1 4880
1 14271
1 400
1 13290
1 495
1 159
1 3516
1 3
1 129
1 13188
1 13602
1 822
1 9496
1 15377
1 1471
1 1471
1 13835
1 4651
1 7756
1 13706
1 9774
1 264
1 8063
1 1997
1 2939
1 15073
1 979
1 16045
1 16844
1 12351
1 5111
1 6518
1 6461
1 8271
1 7075
1 7212
1 11155
1 13716
1 7901
1 10888
1 1547
1 14176
1 2531
1 8377
1 9103
1 14881
1 7269
1 7521
1 11197
1 3094
1 16598
1 8079
1 16874
1 13850
1 15588
1 966
1 12068
1 692
1 11634
1 2897
1 4142
1 13218
1 15646
1 13457
1 1225
1 2033
1 813
1 5617
1 9309
1 1324
1 7852
1 6854
1 832
1 4181
1 1283
1 9392
1 12372
1 4524
1 723
1 3303
1 15709
1 4579
1 7792
1 2284
1 5066
1 1539
1 5243
1 1290
1 7672
1 12382
1 741
1 4573
1 7498
1 15872
1 1744
1 5569
1 1203
1 15801
1 9341
1 9964
1 12491
1 300
1 8183
1 11370
1 9302
1 6077
1 3895
1 7805
1 3227
1 5551
1 13321
1 9591
1 2426
1 15113
1 8418
1 14055
1 9100
1 1100
1 39
1 715
1 9362
1 15592
1 7646
1 16751
1 5937
1 1137
1 2983
1 3603
1 2465
1 12734
1 2037
1 2607
1 4945
1 7081
1 1142
1 4701
1 10772
1 2051
1 10787
1 14270
1 10183
1 9998
1 8007
1 3581
1 7135
1 2240
1 1150
1 1357
1 7193
1 2128
1 8090
1 16465
1 549
1 5925
1 1175
1 7304
1 10983
1 10327
1 1000
1 6349
1 2227
1 4006
1 5994
1 1461
1 4323
1 1009
1 1042
1 15531
1 9867
1 14716
1 2274
1 9557
1 11376
1 9361
1 16887
1 1567
1 2780
1 5309
1 16045
1 16246
1 2625
1 9671
1 13713
1 11828
1 3418
1 6869
1 6008
1 4471
1 11743
1 14504
1 1095
1 13886
1 10442
1 247
1 8255
1 2071
1 9164
1 1627
1 5296
1 13077
1 1343
1 10800
1 1730
1 8109
1 1213
1 2367
1 9103
1 8506
1 11328
1 14680
1 835
1 3628
1 8713
1 292
1 5983
1 9086
1 11567
1 6609
1 10707
1 8895
1 7967
1 10723
1 9026
1 1028
1 7410
1 1665
1 11073
1 5328
1 1082
1 4623
1 1427
1 9317
1 2688
1 5008
1 4344
1 1200
1 3198
1 8776
1 1584
1 15407
1 7519
1 135
1 7394
1 11132
1 2446
1 2156
1 13329
1 3117
1 2529
1 1485
1 6110
1 12174
1 13665
1 13010
1 15783
1 15082
1 13448
1 1928
1 3246
1 150
1 2999
1 8688
1 13853
1 3767
1 484
1 5718
1 6617
1 52
1 14261
1 11602
1 6422
1 6918
1 8115
1 16276
1 5880
1 9002
1 728
1 2576
1 5410
1 10194
1 12477
1 668
1 15329
1 15081
1 1852
1 15433
1 1442
1 11567
1 15856
1 3055
1 13815
1 12806
1 8733
1 604
1 16438
1 2489
1 14087
1 16319
1 4008
1 6928
1 12244
1 8271
1 4890
1 6735
1 9159
1 10250
1 3739
1 4314
1 1909
1 13396
1 3413
1 5900
1 16141
1 12034
1 16155
1 369
1 14672
1 1848
1 845
1 8831
1 12853
1 3185
1 6493
1 14585
1 8553
1 286
1 13043
1 501
1 557
1 5267
1 1538
1 1755
1 8471
1 15126
1 1867
1 12805
1 4993
1 15073
1 8102
1 14767
1 1175
1 16135
1 3699
1 3495
1 1174
1 10866
1 6257
1 2736
1 5463
1 6141
1 12768
1 2102
1 13707
1 685
1 7222
1 5246
1 4122
1 16018
1 43
1 7169
1 5136
1 5009
1 3167
1 10049
1 4672
1 5267
1 954
1 8180
1 14437
1 5565
1 8097
1 3517
1 1787
1 13444
1 15649
1 7947
1 712
1 9511
1 1206
1 2817
1 16325
1 14433
1 13467
1 14827
1 4894
1 10602
1 13708
1 10707
1 10079
1 5352
1 11632
1 15996
1 13595
1 2876
1 1930
1 1491
1 63
1 11537
1 13466
1 1397
1 1374
1 571
1 12447
1 563
1 9805
1 9460
1 8420
1 2830
1 16829
1 12237
1 15267
1 14968
1 226
1 8973
1 7031
1 6449
1 11160
1 3603
1 13767
1 3986
1 1159
1 810
1 4741
1 16962
1 14970
1 12571
1 2157
1 10767
1 977
1 1631
1 6440
1 1665
1 2897
1 1353
1 3703
1 6267
1 3466
1 6188
1 16544
1 9842
1 14645
1 3435
1 5529
1 16570
1 4973
1 9336
1 6721
1 12359
1 1498
1 2466
1 8742
1 2515
1 2203
1 13757
1 14853
1 12530
1 16195
1 4927
1 4019
1 5111
1 4036
1 11897
1 3297
1 4351
1 1764
1 11999
1 1194
1 16144
1 9204
1 6014
1 13137
1 5985
1 15075
1 10918
1 2623
1 2784
1 14282
1 2449
1 12573
1 3721
1 10532
1 4813
1 8939
1 12735
1 4291
1 10116
1 14638
1 2503
1 1728
1 5730
1 6047
1 1929
1 4516
1 4689
1 1557
1 15791
1 3671
1 3241
1 449
1 8158
1 10829
1 2520
1 9573
1 14546
1 10318
1 13770
1 3425
1 3445
1 13942
1 767
1 14710
1 8596
1 14706
1 5457
1 7743
1 3032
1 5314
1 11567
1 1209
1 6510
1 3261
1 7090
1 5455
1 9202
1 13622
1 2720
1 11680
1 4453
1 3103
1 4972
1 6473
1 2834
1 13078
1 28
1 11343
1 2979
1 13748
1 6148
1 7273
1 988
1 2256
1 10555
1 15249
1 17
1 6331
1 1932
1 10862
1 2688
1 13357
1 13773
1 3935
1 9972
1 10759
1 2897
1 2505
1 7465
1 503
1 12647
1 1568
1 5655
1 2356
1 888
1 4765
1 5578
1 5786
1 6152
1 921
1 16663
1 10823
1 14618
1 4765
1 781
1 8132
1 3254
1 1142
1 13693
1 8669
1 4452
1 15258
1 9905
1 17
1 922
1 1953
1 11866
1 8290
1 4404
1 5808
1 7662
1 1192
1 697
1 12773
1 7836
1 6419
1 2790
1 7013
1 2032
1 14910
1 10019
1 2998
1 16733
1 169
1 491
1 4733
1 13580
1 5188
1 3475
1 7215
1 5002
1 3586
1 2442
1 7144
1 5339
1 11718
1 13173
1 5202
1 11130
1 4755
1 2574
1 15659
1 8121
1 16744
1 1091
1 8514
1 8878
1 8961
1 9103
1 937
1 10989
1 316
1 15345
1 14892
1 14086
1 1733
1 1764
1 10823
1 14962
1 9507
1 4689
1 6549
1 1986
1 16138
1 6790
1 7825
1 6572
1 13713
1 9246
1 13667
1 12803
1 8448
1 2475
1 11593
1 4219
1 1991
1 1036
1 13443
1 10446
1 746
1 14140
1 3012
1 6024
1 8975
1 123
1 5124
1 1430
1 657
1 4050
1 7519
1 15825
1 63
1 12823
1 2521
1 4453
1 5533
1 9851
1 14001
1 8239
1 8001
1 15735
1 417
1 917
1 16861
1 16778
1 7210
1 2086
1 5541
1 13665
1 10397
1 9810
1 3427
1 10087
1 2853
1 1433
1 8583
1 4095
1 2175
1 2451
1 5025
1 1694
1 5126
1 7616
1 435
1 15873
1 1909
1 8410
1 12245
1 11567
1 13767
1 13035
1 1109
1 7347
1 2606
1 15359
1 1129
1 13806
1 11762
1 2000
1 3210
1 9200
1 10907
1 3474
1 12578
1 3428
1 13248
1 4852
1 3648
1 5760
1 14149
1 2434
1 3901
1 15924
1 1662
1 10406
1 8323
1 701
1 9289
1 6705
1 7347
1 335
1 1440
1 7077
1 2218
1 4326
1 8909
1 13512
1 6353
1 5816
1 2292
1 12498
1 4359
1 12231
1 1790
1 11203
1 10694
1 5563
1 13527
1 11236
1 2244
1 16320
1 3761
1 10889
1 9637
1 2590
1 5726
1 9790
1 10015
1 6075
1 4060
1 11916
1 9207
1 7353
1 1090
1 8241
1 3445
1 1752
1 5309
1 13829
1 3655
1 3340
1 9404
1 2156
1 8198
1 11468
1 4847
1 2914
1 5520
1 3
1 11778
1 9026
1 2500
1 15424
1 1087
1 12505
1 9045
1 15412
1 6294
1 760
1 16081
1 3653
1 6657
1 3062
1 641
1 15843
1 9615
1 6809
1 12830
1 16532
1 7010
1 12279
1 3031
1 13959
1 1778
1 6464
1 1213
1 3088
1 5627
1 13601
1 6439
1 16505
1 9702
1 4069
1 2449
1 12020
1 569
1 4338
1 32
1 47
1 10018
1 2788
1 11282
1 11621
1 2375
1 1346
1 5153
1 8734
1 11203
1 16391
1 4408
1 3791
1 1706
1 11156
1 8768
1 557
1 15607
1 1499
1 12109
1 16156
1 2996
1 10160
1 14450
1 13947
1 4543
1 6757
1 15725
1 813
1 14217
1 2904
1 628
1 9116
1 11880
1 12453
1 13760
1 9038
1 10536
1 11703
1 14747
1 41
1 16108
1 7370
1 6383
1 9134
1 16291
1 6657
1 3092
1 4482
1 1987
1 3514
1 9382
1 7209
1 11247
1 13405
1 9758
1 11567
1 505
1 14902
1 3757
1 16
1 1205
1 14666
1 10820
1 11272
1 2204
1 1992
1 14862
1 5744
1 7790
1 7491
1 16084
1 7911
1 11640
1 543
1 1468
1 1586
1 3497
1 1082
1 5344
1 3383
1 1165
1 507
1 2948
1 2467
1 14242
1 5868
1 13786
1 9629
1 6617
1 13087
1 5885
1 6556
1 12001
1 5720
1 14365
1 1710
1 5312
1 1286
1 5796
1 12010
1 3497
1 11926
1 6279
1 1510
1 3174
1 119
1 3322
1 5707
1 2489
1 8047
1 714
1 11977
1 9167
1 13248
1 171
1 16245
1 7327
1 14960
1 5083
1 10321
1 1887
1 12748
1 1177
1 3981
1 11336
1 12660
1 706
1 2944
1 2593
1 4913
1 1666
1 4823
1 14903
1 5613
1 3591
1 3630
1 5827
1 5620
1 1966
1 7725
1 13789
1 1430
1 100
1 1261
1 15505
1 1154
1 7543
1 6119
1 15402
1 777
1 7150
1 8188
1 5406
1 546
1 2163
1 4013
1 259
1 2208
1 1546
1 3474
1 13123
1 7027
1 12640
1 7515
1 3391
1 14276
1 11592
1 4329
1 247
1 1657
1 10716
1 3802
1 11041
1 12193
1 15560
1 127
1 2979
1 2335
1 4808
1 1354
1 16318
1 7025
1 1993
1 2240
1 1136
1 4105
1 16030
1 13822
1 4437
1 15113
1 837
1 12459
1 9369
1 4335
1 7126
1 1446
1 276
1 13219
1 14329
1 432
1 15829
1 4689
1 2711
1 12211
1 132
1 8550
1 6917
1 6656
1 9910
1 7981
1 2553
1 63
1 2710
1 335
1 14545
1 10968
1 13659
1 10330
1 12045
1 147
1 10591
1 11274
1 12540
1 12030
1 11656
1 876
1 2607
1 4630
1 7497
1 5712
1 1042
1 402
1 6123
1 4773
1 13725
1 11805
1 6355
1 7040
1 3622
1 12509
1 919
1 15345
1 8161
1 8109
1 13672
1 109
1 13958
1 5339
1 5176
1 11555
1 9003
1 10019
1 7122
1 6134
1 14046
1 16414
1 16331
1 12206
1 11868
1 2146
1 7597
1 7012
1 16361
1 2597
1 4697
1 8431
1 7598
1 15695
1 11095
1 768
1 651
1 1
1 1584
1 16016
1 7343
1 6778
1 16045
1 8059
1 7326
1 7525
1 565
1 9968
1 2124
1 430
1 15082
1 1175
1 10390
1 3214
1 14366
1 6105
1 12544
1 7077
1 3808
1 5088
1 14324
1 10681
1 1326
1 11542
1 7804
1 13854
1 1136
1 3094
1 11552
1 15873
1 11100
1 2845
1 2022
1 5529
1 4528
1 7844
1 7320
1 16045
1 3828
1 195
1 7575
1 8455
1 2452
1 3484
1 446
1 14607
1 3282
1 10196
1 11150
1 11718
1 9558
1 971
1 6406
1 5204
1 7748
1 6656
1 11923
1 4676
1 12565
1 10473
1 4808
1 11665
1 14821
1 4130
1 4650
1 1012
1 10267
1 4500
1 10001
1 1925
1 13561
1 5389
1 1091
1 239
1 4620
1 11887
1 50
1 4367
1 4155
1 5822
1 3110
1 8328
1 13712
1 5775
1 5984
1 8393
1 6173
1 6752
1 655
1 11004
1 2103
1 1475
1 8956
1 4027
1 793
1 8341
1 7545
1 13949
1 1795
1 15872
1 6561
1 2149
1 16489
1 3638
1 1203
1 2893
1 9049
1 6915
1 11078
1 15461
1 13722
1 9164
1 4458
1 12453
1 12547
1 10043
1 5910
1 11186
1 14174
1 1517
1 15783
1 13095
1 3746
1 4179
1 11515
1 6886
1 11599
1 1143
1 13763
1 5312
1 3545
1 1175
1 1689
1 4663
1 101
1 14322
1 13233
1 4403
1 7309
1 6647
1 7816
1 3100
1 16544
1 11597
1 5292
1 5492
1 5939
1 5292
1 1204
1 3031
1 11371
1 5098
1 16933
1 1793
1 13516
1 924
1 10028
1 3335
1 5013
1 7128
1 2368
1 10692
1 6068
1 7684
1 7585
1 16810
1 4303
1 14639
1 4684
1 10666
1 5301
1 4053
1 3828
1 2390
1 9120
1 12488
1 3888
1 11756
1 3653
1 7344
1 14124
1 8500
1 13942
1 13865
1 4477
1 16939
1 926
1 5657
1 684
1 10695
1 9025
1 829
1 7288
1 570
1 7938
1 10438
1 1876
1 2261
1 14303
1 12571
1 754
1 2333
1 3534
1 1124
1 2578
1 6403
1 16856
1 5570
1 13410
1 8491
1 3981
1 6603
1 4743
1 9611
1 8160
1 289
1 6653
1 16320
1 5354
1 2681
1 4139
1 4963
1 1761
1 9808
1 4142
1 746
1 14704
1 3606
1 3812
1 12537
1 10698
1 10273
1 4384
1 6570
1 3388
1 12951
1 9614
1 11264
1 14038
1 2094
1 9953
1 16816
1 10427
1 15641
1 13410
1 4962
1 2666
1 7043
1 1907
1 7565
1 1677
1 7825
1 6372
1 15890
1 10838
1 15407
1 15983
1 3743
1 5483
1 14607
1 971
1 2695
1 10475
1 15
1 11212
1 11132
1 15273
1 13778
1 814
1 3909
1 8773
1 7052
1 1832
1 6944
1 3179
1 4286
1 2489
1 14
1 522
1 15337
1 1021
1 14285
1 4450
1 563
1 13249
1 5004
1 16792
1 1787
1 4622
1 3113
1 8793
1 380
1 3779
1 10594
1 3024
1 5837
1 12765
1 66
1 11571
1 14703
1 1602
1 12111
1 11232
1 2108
1 380
1 3610
1 3522
1 226
1 2364
1 8208
1 5617
1 199
1 15288
1 5739
1 8293
1 485
1 4124
1 8955
1 468
1 2387
1 13027
1 2432
1 8144
1 8233
1 11233
1 2536
1 3398
1 16443
1 8128
1 9665
1 12113
1 16321
1 766
1 6253
1 10269
1 3616
1 6949
1 3532
1 6118
1 3301
1 13174
1 9624
1 1223
1 2283
1 485
1 14393
1 7873
1 2379
1 5338
1 6225
1 5267
1 1277
1 8326
1 16299
1 12431
1 1193
1 4060
1 6047
1 125
1 9482
1 11371
1 5997
1 2046
1 11138
1 2583
1 13202
1 4171
1 2261
1 3637
1 13357
1 12745
1 15351
1 3181
1 7288
1 12697
1 4510
1 7324
1 2430
1 12511
1 3350
1 247
1 8570
1 7431
1 15016
1 335
1 2338
1 7380
1 12427
1 378
1 16017
1 841
1 446
1 8511
1 14110
1 5768
1 477
1 14004
1 1726
1 10909
1 8631
1 1715
1 15646
1 6876
1 896
1 8240
1 6017
1 4318
1 16236
1 11760
1 521
1 3981
1 10431
1 1200
1 12067
1 12433
1 717
1 15548
1 2357
1 3563
1 10043
1 4210
1 4155
1 746
1 11791
1 12121
1 8390
1 8148
1 2333
1 10517
1 6124
1 10600
1 4036
1 888
1 6599
1 13813
1 12075
1 13914
1 7272
1 12780
1 6280
1 16424
1 7786
1 2053
1 14273
1 746
1 5721
1 15639
1 15011
1 16956
1 148
1 6991
1 3456
1 1387
1 1177
1 267
1 10888
1 1479
1 13262
1 9103
1 7545
1 12374
1 15988
1 13885
1 353
1 9988
1 14391
1 3832
1 4476
1 5687
1 335
1 4161
1 9416
1 14476
1 6885
1 14505
1 2899
1 920
1 766
1 2814
1 7722
1 16280
1 16271
1 4830
1 4435
1 10443
1 6393
1 6110
1 2808
1 13783
1 9209
1 7790
1 13630
1 12067
1 10610
1 9018
1 1398
1 6241
1 9598
1 3981
1 13057
1 1248
1 6860
1 12241
1 14233
1 11344
1 3492
1 9451
1 12194
1 972
1 5699
1 13788
1 8356
1 5916
1 6653
1 76
1 1122
1 8015
1 3077
1 13127
1 2038
1 10014
1 12596
1 13767
1 3582
1 3510
1 1117
1 9172
1 16577
1 15324
1 1900
1 752
1 6672
1 4940
1 2696
1 5436
1 7723
1 28
1 1364
1 16324
1 11571
1 1931
1 15470
1 3584
1 1953
1 7348
1 8723
1 4661
1 2406
1 1083
1 3202
1 5231
1 13942
1 12046
1 16355
1 3277
1 3361
1 398
1 13583
1 3262
1 834
1 15553
1 11099
1 10304
1 8773
1 16222
1 11641
1 1932
1 289
1 14655
1 4939
1 3897
1 9756
1 14022
1 10695
1 52
1 7397
1 13433
1 15197
1 5767
1 6068
1 5091
1 16445
1 7426
1 14353
1 7720
1 5639
1 3170
1 1565
1 9165
1 4239
1 14024
1 2126
1 12714
1 4282
1 12204
1 668
1 1184
1 3234
1 882
1 15512
1 989
1 1434
1 6035
1 8597
1 13072
1 8657
1 6770
1 10224
1 13535
1 14747
1 11515
1 10607
1 4975
1 10680
1 4228
1 14607
1 12975
1 845
1 14868
1 13630
1 1395
1 11552
1 5854
1 5198
1 14839
1 8451
1 13786
1 2932
1 4855
1 3563
1 11846
1 2416
1 5802
1 5641
1 11617
1 5560
1 14531
1 11003
1 11577
1 13423
1 11314
1 6199
1 3414
1 2979
1 14583
1 15424
1 3591
1 15382
1 9358
1 13650
1 1156
1 4494
1 4192
1 1107
1 2204
1 11348
1 1199
1 1930
1 5959
1 13983
1 9967
1 663
1 14851
1 111
1 3524
1 9392
1 8180
1 4212
1 8988
1 4120
1 8751
1 58
1 843
1 10315
1 1110
1 5025
1 12490
1 3899
1 5962
1 12269
1 13326
1 15345
1 39
1 15732
1 1662
1 1038
1 14380
1 3501
1 16022
1 1199
1 3981
1 1498
1 15794
1 1129
1 5926
1 10552
1 14264
1 1179
1 21
1 12753
1 3150
1 27
1 10646
1 12203
1 1380
1 11079
1 107
1 16434
1 9186
1 3273
1 9245
1 8712
1 2970
1 4473
1 3500
1 2477
1 2366
1 988
1 920
1 3972
1 3073
1 4797
1 13702
1 6758
1 7428
1 13748
1 3981
1 701
1 13853
1 7262
1 10710
1 2324
1 9709
1 135
1 1765
1 11285
1 2415
1 7780
1 16818
1 7054
1 655
1 6345
1 621
1 4356
1 8079
1 13977
1 272
1 6653
1 1415
1 2362
1 352
1 3580
1 14177
1 3762
1 3837
1 1679
1 14925
1 3575
1 9152
1 6491
1 10550
1 1156
1 10211
1 16493
1 2669
1 8399
1 1749
1 1401
1 1085
1 479
1 10018
1 4130
1 13180
1 6599
1 11020
1 5512
1 11311
1 9462
1 10197
1 2183
1 1122
1 9464
1 3120
1 3294
1 4244
1 15011
1 13799
1 14182
1 2467
1 1888
1 15097
1 7212
1 189
1 7185
1 4370
1 1512
1 6224
1 2291
1 15626
1 9647
1 1948
1 2477
1 11259
1 11345
1 1665
1 4567
1 4509
1 4751
1 4242
1 12986
1 10435
1 9188
1 1389
1 447
1 8333
1 1785
1 6375
1 11320
1 12249
1 14134
1 697
1 6927
1 716
1 5012
1 10681
1 128
1 6087
1 10097
1 4069
1 6963
1 5635
1 7456
1 3785
1 15840
1 6451
1 14773
1 3941
1 10969
1 6116
1 7424
1 2170
1 2489
1 1200
1 5503
1 14908
1 13648
1 1181
1 11588
1 5305
1 15267
1 8901
1 15159
1 10158
1 10663
1 15
1 267
1 4695
1 8553
1 1986
1 14208
1 10770
1 5034
1 10849
1 7238
1 1589
1 3637
1 2472
1 3591
1 4114
1 7250
1 1707
1 13627
1 1761
1 9612
1 5868
1 13145
1 14998
1 628
1 5248
1 1181
1 7906
1 163
1 16158
1 3963
1 12693
1 6051
1 539
1 5552
1 6294
1 13602
1 14010
1 4654
1 5034
1 6776
1 10668
1 10180
1 15747
1 3981
1 2233
1 1673
1 2092
1 2651
1 9367
1 5729
1 845
1 7818
1 8405
1 9186
1 205
1 1180
1 10188
1 5608
1 5415
1 10588
1 3457
1 2125
1 4492
1 13581
1 4019
1 3763
1 615
1 6826
1 13786
1 17
1 979
1 10506
1 13703
1 6241
1 2707
1 3269
1 3608
1 8952
1 4069
1 3283
1 14032
1 16384
1 4963
1 8957
1 2759
1 9998
1 15885
1 13691
1 16341
1 1861
1 9059
1 16343
1 6936
1 4671
1 5403
1 1192
1 7694
1 10776
1 3441
1 7123
1 4689
1 2759
1 11229
1 607
1 2377
1 13226
1 2126
1 11567
1 2433
1 16274
1 9560
1 5524
1 7815
1 4728
1 2361
1 9874
1 1117
1 7537
1 6599
1 3299
1 11499
1 15109
1 6150
1 1774
1 15309
1 5578
1 2560
1 4587
1 11341
1 10536
1 13374
1 16576
1 5312
1 16045
1 7767
1 2378
1 400
1 954
1 4768
1 1270
1 11236
1 12453
1 2971
1 488
1 14814
1 615
1 4179
1 14212
1 16385
1 7589
1 97
1 15878
1 6326
1 10917
1 3276
1 3146
1 1341
1 10194
1 6194
1 16344
1 10408
1 9228
1 499
1 9701
1 12393
1 11655
1 6167
1 7096
1 16760
1 1051
1 257
1 8991
1 12322
1 13088
1 1891
1 11603
1 2677
1 8939
1 383
1 1135
1 7034
1 2558
1 12245
1 1113
1 8289
1 10260
1 9126
1 16217
1 8429
1 7835
1 5267
1 5015
1 3896
1 15668
1 13979
1 5772
1 789
1 2282
1 1967
1 2078
1 3714
1 14029
1 8818
1 1996
1 4542
1 15624
1 16959
1 14721
1 8188
1 5772
1 98
1 990
1 2768
1 16651
1 10103
1 4440
1 3747
1 16423
1 267
1 1408
1 13411
1 11876
1 2552
1 1843
1 15145
1 13983
1 12689
1 9257
1 12958
1 4560
1 7147
1 283
1 2230
1 5793
1 5578
1 12363
1 13757
1 4689
1 11154
1 678
1 2219
1 1401
1 36
1 5977
1 8559
1 2462
1 952
1 2178
1 3052
1 2223
1 1861
1 11179
1 2087
1 6219
1 5588
1 1440
1 136
1 11004
1 9529
1 12803
1 5097
1 3267
1 7954
1 3031
1 5738
1 14724
1 1483
1 13703
1 12844
1 16165
1 12798
1 1339
1 3521
1 5274
1 16826
1 13653
1 7545
1 5562
1 8965
1 11658
1 7640
1 12830
1 4045
1 3706
1 1755
1 28
1 13549
1 13272
1 13924
1 1792
1 14113
1 5646
1 7362
1 16421
1 3185
1 2782
1 4172
1 8972
1 5336
1 8385
1 11100
1 10086
1 6528
1 13326
1 6529
1 6940
1 12204
1 12824
1 2532
1 11565
1 14348
1 14206
1 4226
1 5505
1 8608
1 14360
1 3204
1 2627
1 6493
1 7823
1 9164
1 11313
1 7573
1 1734
1 6296
1 7968
1 446
1 1130
1 11350
1 402
1 11834
1 1780
1 4207
1 959
1 1137
1 13767
1 3539
1 13061
1 3351
1 6474
1 4523
1 3688
1 5008
1 11651
1 16639
1 4254
1 5882
1 9878
1 2715
1 1174
1 9905
1 14992
1 10385
1 8785
1 14331
1 10
1 3589
1 14399
1 5730
1 1684
1 4444
1 8474
1 12573
1 11065
1 8421
1 1755
1 3143
1 3582
1 1657
1 6598
1 5338
1 11201
1 5799
1 7232
1 8157
1 5895
1 6231
1 6799
1 2177
1 8721
1 12842
1 2413
1 10025
1 10681
1 11263
1 637
1 8721
1 1192
1 13792
1 1909
1 8807
1 7984
1 10813
1 6755
1 2334
1 9336
1 11367
1 7437
1 6015
1 5088
1 11773
1 16278
1 13697
1 14380
1 12258
1 12486
1 8825
1 12359
1 16016
1 12042
1 1219
1 2626
1 3009
1 7489
1 7810
1 11627
1 4184
1 159
1 10411
1 8452
1 686
1 1944
1 453
1 2204
1 4094
1 5696
1 1555
1 11194
1 5400
1 3428
1 13275
1 15495
1 2790
1 6393
1 1993
1 15073
1 6754
1 9056
1 2367
1 11002
1 12571
1 8164
1 1199
1 4100
1 7019
1 8756
1 5050
1 11336
1 7335
1 5845
1 286
1 4925
1 7454
1 3770
1 2944
1 8118
1 4387
1 484
1 10375
1 1917
1 10085
1 4442
1 2037
1 3217
1 13338
1 5830
1 9934
1 7812
1 16045
1 14505
1 16764
1 16230
1 6120
1 8741
1 4802
1 5458
1 8060
1 12688
1 10561
1 8440
1 1026
1 4252
1 15372
1 2140
1 9607
1 12172
1 44
1 13334
1 5966
1 14559
1 1876
1 4663
1 15021
1 5807
1 5290
1 12223
1 3156
1 551
1 10697
1 6294
1 9025
1 8333
1 14961
1 9772
1 9903
1 2528
1 379
1 3817
1 5485
1 8177
1 4817
1 12205
1 11964
1 13786
1 8
1 8039
1 11930
1 6419
1 13775
1 5849
1 12564
1 3251
1 10876
1 4306
1 2179
1 10100
1 5054
1 2167
1 16901
1 12947
1 8067
1 11812
1 11701
1 10983
1 13389
1 2038
1 1365
1 47
1 13109
1 1137
1 3757
1 9880
1 4812
1 15179
1 4328
1 11615
1 9231
1 10228
1 2712
1 2993
1 15113
1 13533
1 247
1 7898
1 11015
1 16243
1 2182
1 13116
1 2008
1 7843
1 8387
1 1888
1 11575
1 16573
1 3582
1 6467
1 1665
1 3235
1 4344
1 16468
1 8899
1 9502
1 2302
1 7787
1 7596
1 11939
1 13752
1 6338
1 14290
1 938
1 1259
1 1754
1 10979
1 15846
1 5879
1 76
1 5227
1 2340
1 5433
1 14385
1 2939
1 1779
1 1273
1 2159
1 10187
1 16233
1 13430
1 7790
1 12058
1 525
1 8017
1 2742
1 6164
1 2930
1 13027
1 4914
1 1903
1 4913
1 9527
1 6856
1 8214
1 15498
1 3009
1 11533
1 7799
1 8504
1 208
1 3066
1 10924
1 6281
1 4744
1 9860
1 1957
1 8318
1 1030
1 10211
1 4110
1 1788
1 1081
1 11575
1 5503
1 9298
1 6445
1 4729
1 16121
1 1673
1 13471
1 2732
1 15789
1 4603
1 8271
1 1539
1 1987
1 15878
1 7302
1 2536
1 7704
1 3142
1 568
1 189
1 11283
1 3025
1 15742
1 10028
1 14649
1 13683
1 10566
1 4576
1 7393
1 12104
1 2292
1 16679
1 13635
1 7184
1 3763
1 14589
1 7170
1 8884
1 6183
1 8100
1 1001
1 767
1 1764
1 1021
1 5760
1 11218
1 11567
1 9223
1 14781
1 7545
1 5889
1 2301
1 3639
1 3925
1 8780
1 1683
1 7285
1 8184
1 9756
1 9798
1 9292
1 5766
1 16923
1 13000
1 8288
1 6080
1 10454
1 9572
1 9553
1 14
1 1445
1 14856
1 10134
1 8960
1 15810
1 12275
1 3215
1 4284
1 12676
1 7038
1 10752
1 3435
1 7606
1 11915
1 4964
1 9491
1 1264
1 11648
1 2571
1 362
1 2138
1 10232
1 6383
1 57
1 16469
1 13714
1 3491
1 5266
1 7796
1 11060
1 4120
1 6933
1 5737
1 2794
1 6809
1 11292
1 14770
1 7545
1 814
1 295
1 16275
1 15672
1 2928
1 5918
1 1012
1 2798
1 3557
1 12467
1 6112
1 10966
1 5148
1 8341
1 2599
1 16727
1 4891
1 9525
1 10060
1 3965
1 15793
1 2462
1 9995
1 4417
1 13356
1 8178
1 4645
1 1645
1 2462
1 1343
1 12768
1 10944
1 322
1 16552
1 15836
1 3535
1 5690
1 2359
1 972
1 2017
1 2939
1 964
1 906
1 5941
1 6370
1 15431
1 226
1 1452
1 1492
1 4716
1 15088
1 2788
1 5855
1 13678
1 267
1 1509
1 4514
1 735
1 5076
1 4658
1 3649
1 9509
1 2865
1 12305
1 11856
1 15288
1 39
1 11871
1 8694
1 9336
1 12484
1 1784
1 3368
1 11934
1 7730
1 2000
1 2585
1 13911
1 15501
1 9952
1 3638
1 14636
1 1192
1 9093
1 141
1 8044
1 16558
1 797
1 1700
1 4930
1 12607
1 4381
1 1770
1 6834
1 11099
1 7917
1 13179
1 1333
1 12456
1 5800
1 1137
1 6143
1 5267
1 4529
1 5440
1 4720
1 704
1 6014
1 15496
1 6420
1 11236
1 10783
1 13731
1 157
1 1931
1 13375
1 5829
1 14828
1 15525
1 10259
1 7847
1 10911
1 16589
1 2552
1 923
1 4862
1 328
1 2109
1 4206
1 12339
1 1831
1 16559
1 3136
1 9440
1 4039
1 3818
1 11978
1 14073
1 6292
1 9708
1 7368
1 11256
1 10178
1 12191
1 14414
1 2915
1 2196
1 9367
1 6761
1 16
1 3302
1 9374
1 6341
1 16064
1 4998
1 5877
1 14168
1 15323
1 3245
1 4349
1 2251
1 1796
1 16259
1 12797
1 1292
1 383
1 3638
1 2083
1 1981
1 7803
1 7541
1 12241
1 8672
1 12548
1 5837
1 10567
1 14347
1 13930
1 13780
1 2215
1 7415
1 6442
1 5773
1 15596
1 4651
1 13194
1 534
1 7097
1 14200
1 15499
1 14318
1 11236
1 8234
1 248
1 10066
1 1903
1 1527
1 16960
1 403
1 10088
1 10483
1 807
1 8488
1 11135
1 1454
1 3820
1 15677
1 3160
1 3857
1 13243
1 1961
1 1204
1 1409
1 4917
1 14587
1 15800
1 12291
1 10627
1 4974
1 226
1 8765
1 1260
1 13352
1 15343
1 9968
1 10680
1 4279
1 12247
1 11814
1 5392
1 7821
1 8219
1 9164
1 4663
1 6487
1 4282
1 4098
1 566
1 888
1 5009
1 13778
1 13161
1 2462
1 5078
1 972
1 5286
1 11572
1 7143
1 16492
1 2904
1 4657
1 13710
1 10363
1 14727
1 10588
1 10909
1 3227
1 7558
1 13757
1 9164
1 7122
1 3083
1 14478
1 16093
1 5988
1 8504
1 2864
1 4081
1 13876
1 7318
1 4378
1 9966
1 11836
1 807
1 8983
1 2467
1 12423
1 10796
1 10098
1 13655
1 13224
1 4459
1 394
1 7238
1 7618
1 1372
1 2838
1 16464
1 7672
1 14371
1 12999
1 1969
1 3003
1 2066
1 2263
1 890
1 8327
1 14643
1 12260
1 16666
1 2553
1 1002
1 5215
1 3638
1 5947
1 1307
1 2299
1 4869
1 8577
1 15686
1 5498
1 3009
1 7148
1 9529
1 918
1 11887
1 7553
1 6573
1 16241
1 1460
1 13768
1 1200
1 4374
1 16395
1 15775
1 1880
1 13065
1 3846
1 11496
1 15718
1 3638
1 4686
1 4077
1 3058
1 1758
1 7684
1 5988
1 12022
1 9000
1 3322
1 858
1 477
1 12505
1 11152
1 4782
1 4012
1 6050
1 322
1 2304
1 16886
1 14600
1 12664
1 12891
1 420
1 9591
1 7894
1 7025
1 1886
1 9456
1 13681
1 2418
1 11328
1 12352
1 12968
1 8810
1 13320
1 5881
1 2878
1 10846
1 10014
1 16045
1 13431
1 6733
1 7786
1 2270
1 4196
1 3906
1 13821
1 1474
1 1931
1 1439
1 7446
1 12724
1 6167
1 15541
1 13743
1 7545
1 4202
1 14977
1 820
1 10386
1 15130
1 3248
1 4381
1 4772
1 13208
1 2397
1 2737
1 1303
1 5413
1 11816
1 6070
1 8845
1 3775
1 10068
1 11211
1 3802
1 8842
1 16133
1 1468
1 16115
1 13667
1 9472
1 4586
1 2872
1 10685
1 44
1 7416
1 12634
1 3804
1 11947
1 8498
1 2110
1 2222
1 817
1 503
1 5244
1 13787
1 1139
1 1374
1 4014
1 4278
1 3440
1 755
1 4450
1 6303
1 3487
1 6755
1 15464
1 4885
1 1793
1 11761
1 6796
1 3846
1 6572
1 13265
1 14707
1 3107
1 628
1 15098
1 6761
1 15932
1 2451
1 888
1 12798
1 8871
1 14841
1 2460
1 5583
1 2627
1 1353
1 6647
1 11832
1 5274
1 3007
1 1700
1 1015
1 11243
1 3548
1 944
1 16636
1 2579
1 16510
1 1521
1 1898
1 3490
1 2831
1 4649
1 1510
1 5758
1 1190
1 15364
1 405
1 14933
1 12849
1 5583
1 230
1 3803
1 14232
1 1555
1 10004
1 13712
1 11495
1 9761
1 13977
1 1263
1 8788
1 12189
1 7965
1 15998
1 14158
1 4199
1 2038
1 891
1 230
1 1324
1 63
1 14762
1 436
1 247
1 3954
1 9017
1 2785
1 16598
1 7202
1 4112
1 300
1 9255
1 2229
1 9847
1 7025
1 281
1 15609
1 11147
1 6164
1 93
1 15212
1 2076
1 735
1 3866
1 4889
1 3623
1 13568
1 10202
1 4740
1 5120
1 9607
1 1345
1 10771
1 3988
1 10944
1 14177
1 2497
1 13809
1 6020
1 5760
1 7379
1 11159
1 1029
1 4526
1 16444
1 14037
1 2715
1 2319
1 6244
1 1879
1 12146
1 10648
1 9465
1 9282
1 7541
1 1203
1 10077
1 1470
1 13820
1 8624
1 3953
1 10978
1 11140
1 13767
1 833
1 12538
1 11308
1 2997
1 5219
1 4591
1 1505
1 1090
1 9953
1 22
1 14534
1 2901
1 1110
1 4616
1 15856
1 2916
1 7807
1 5235
1 7402
1 9517
1 10401
1 4657
1 294
1 3782
1 2048
1 12571
1 94
1 1931
1 518
1 12304
1 767
1 15303
1 4508
1 5835
1 1328
1 5508
1 6694
1 2843
1 2226
1 3524
1 5086
1 6167
1 14156
1 9792
1 6664
1 5905
1 3119
1 6368
1 15113
1 9992
1 16242
1 8164
1 4498
1 13918
1 4414
1 5216
1 2091
1 1301
1 8644
1 555
1 13669
1 3159
1 6267
1 2240
1 7945
1 13131
1 3080
1 4808
1 3704
1 6409
1 9607
1 135
1 10213
1 14800
1 14596
1 5363
1 9408
1 11730
1 4298
1 5194
1 8487
1 1199
1 9969
1 6818
1 1519
1 6257
1 7140
1 13410
1 11865
1 7157
1 6972
1 11184
1 7841
1 4695
1 7209
1 13043
1 1971
1 8425
1 1260
1 4707
1 3505
1 2705
1 1485
1 11881
1 462
1 7967
1 6179
1 9543
1 6857
1 16668
1 535
1 4120
1 10605
1 12548
1 10673
1 1477
1 8207
1 112
1 14276
1 14257
1 8521
1 752
1 12790
1 293
1 13709
1 10000
1 15169
1 9160
1 1529
1 1977
1 8839
1 4824
1 2108
1 6813
1 2293
1 15698
1 16784
1 3926
1 12475
1 5160
1 6980
1 13609
1 14270
1 240
1 50
1 1252
1 3947
1 11396
1 8024
1 12449
1 13568
1 12656
1 8848
1 645
1 12774
1 4782
1 14260
1 241
1 8583
1 15294
1 7874
1 656
1 2470
1 3297
1 4187
1 4685
1 9278
1 8812
1 4944
1 1395
1 14252
1 1110
1 4658
1 5906
1 9758
1 869
1 4499
1 8573
1 3739
1 2533
1 11924
1 6746
1 14726
1 13320
1 4771
1 5426
1 12373
1 6787
1 7497
1 6116
1 13576
1 7812
1 7075
1 2286
1 4746
1 11360
1 15905
1 6703
1 4230
1 718
1 12731
1 495
1 13170
1 15484
1 2300
1 2333
1 1082
1 12170
1 7523
1 3017
1 7128
1 10032
1 16881
1 1204
1 7147
1 8813
1 514
1 13665
1 2830
1 2265
1 13326
1 13108
1 519
1 9419
1 4955
1 9130
1 3165
1 35
1 7888
1 917
1 12629
1 922
1 196
1 16497
1 11142
1 3802
1 5411
1 755
1 3918
1 378
1 5962
1 14490
1 8173
1 14186
1 6872
1 9548
1 1442
1 9078
1 8076
1 13951
1 4392
1 6138
1 5966
1 10277
1 2596
1 8868
1 1821
1 7711
1 1500
1 3981
1 2692
1 4180
1 6424
1 13995
1 3386
1 12920
1 12571
1 1181
1 14718
1 520
1 9841
1 13443
1 10121
1 15264
1 8820
1 12352
1 537
1 2923
1 10642
1 5981
1 5711
1 2594
1 15517
1 13918
1 9779
1 1911
1 12153
1 1659
1 1140
1 11292
1 8895
1 4479
1 7358
1 4096
1 13138
1 4984
1 4620
1 4691
1 16411
1 14504
1 1423
1 6521
1 14862
1 3987
1 12563
1 4789
1 2207
1 8318
1 1974
1 7345
1 1363
1 15202
1 6428
1 1135
1 6610
1 1917
1 1082
1 12055
1 6912
1 15444
1 3111
1 10974
1 12081
1 1451
1 646
1 10543
1 2851
1 11276
1 7953
1 488
1 2388
1 7363
1 10776
1 2017
1 8469
1 15992
1 10398
1 8474
1 10494
1 13406
1 3644
1 2445
1 6731
1 2131
1 6839
1 15936
1 3771
1 14936
1 16549
1 4626
1 9624
1 7283
1 2201
1 1791
1 13614
1 12254
1 191
1 2260
1 1200
1 11669
1 1209
1 14782
1 6926
1 8050
1 3440
1 16811
1 1928
1 7011
1 8973
1 4925
1 1245
1 14979
1 9616
1 3808
1 628
1 14395
1 3204
1 8922
1 15041
1 8973
1 6078
1 10954
1 2965
1 13442
1 2399
1 6936
1 5820
1 6389
1 900
1 1344
1 128
1 8859
1 7597
1 13609
1 11186
1 7112
1 16349
1 485
1 15990
1 14824
1 3003
1 7743
1 2593
1 8878
1 7436
1 4286
1 2903
1 14544
1 4179
1 12260
1 15992
1 8597
1 5810
1 4280
1 11489
1 5987
1 4689
1 15791
1 690
1 2462
1 1270
1 2465
1 12008
1 9744
1 1249
1 9500
1 4599
1 2680
1 1792
1 10654
1 10592
1 9529
1 11506
1 2822
1 7025
1 12984
1 3895
1 3844
1 14841
1 6452
1 1909
1 591
1 10814
1 6371
1 10749
1 9597
1 700
1 6478
1 10072
1 10574
1 3707
1 2995
1 11538
1 13168
1 2397
1 11715
1 12917
1 4123
1 7936
1 10614
1 10356
1 1104
1 845
1 9702
1 10020
1 14988
1 12182
1 4937
1 5352
1 6574
1 5153
1 2114
1 10677
1 3608
1 8845
1 8345
1 8413
1 6476
1 6720
1 1197
1 10800
1 9170
1 4069
1 3844
1 9996
1 5
1 12444
1 6030
1 1980
1 12195
1 15407
1 2258
1 9508
1 501
1 3381
1 9629
1 9639
1 7713
1 10430
1 4668
1 16736
1 647
1 8754
1 1154
1 171
1 1937
1 10137
1 12859
1 2978
1 2888
1 4357
1 4459
1 5653
1 10151
1 7406
1 11588
1 6721
1 16046
1 102
1 2130
1 5528
1 2196
1 3811
1 426
1 12115
1 7139
1 8271
1 1690
1 14619
1 1475
1 14170
1 5665
1 9179
1 3096
1 4656
1 10348
1 5301
1 1260
1 8735
1 9621
1 2798
1 14177
1 169
1 14902
1 16074
1 1357
1 14472
1 47
1 954
1 4130
1 14396
1 1475
1 3741
1 13338
1 6394
1 16181
1 8853
1 6947
1 4983
1 6080
1 9717
1 2798
1 8531
1 3271
1 12479
1 15073
1 7718
1 7815
1 6294
1 5995
1 11275
1 2893
1 6331
1 7241
1 807
1 12274
1 11284
1 11563
1 8665
1 1483
1 7561
1 11166
1 4006
1 14935
1 60
1 5161
1 12361
1 13292
1 11050
1 15373
1 14718
1 11129
1 3569
1 9674
1 5809
1 13769
1 1199
1 11179
1 15933
1 14425
1 13874
1 10605
1 11642
1 15496
1 1479
1 11516
1 5286
1 249
1 677
1 11886
1 919
1 7862
1 6685
1 368
1 3981
1 7420
1 1376
1 3267
1 14630
1 5905
1 453
1 2892
1 5806
1 12194
1 3603
1 3565
1 5675
1 4838
1 3833
1 14623
1 2235
1 9164
1 7594
1 5570
1 10654
1 4681
1 16343
1 801
1 9129
1 4835
1 4508
1 15732
1 1974
1 3869
1 7780
1 5546
1 14176
1 15781
1 16067
1 13574
