0 
1 2736
0 
3 1510 1646 2424
0 
1 5386
0 
0 
2 1178 4107
0 
1 3948
0 
0 
0 
4 135 1019 3016 4292
2 3002 3593
3 724 2524 4480
5 410 1606 2182 2219 3662
0 
1 90
0 
1 3437
1 4910
0 
0 
0 
0 
1 3440
4 660 2172 3275 3878
0 
0 
0 
1 2463
0 
0 
1 5128
1 3835
0 
0 
3 1757 3421 4397
0 
1 2504
0 
1 1997
2 4079 4747
2 739 1231
0 
5 328 965 2464 4130 5448
0 
0 
3 1022 2815 5045
0 
2 1906 3313
0 
1 155
1 459
0 
1 4316
1 3410
0 
1 5485
0 
2 783 901
4 2035 2307 2676 4837
1 975
0 
1 3036
0 
1 144
0 
1 34
1 510
0 
0 
0 
1 1588
2 3253 4178
0 
0 
0 
0 
1 993
0 
0 
0 
0 
0 
0 
0 
0 
0 
0 
0 
1 4856
1 4927
2 946 1368
0 
1 3743
1 3803
0 
1 2607
2 904 2873
1 5419
0 
0 
0 
0 
2 30 3445
0 
1 2710
0 
1 3402
1 5018
0 
0 
0 
0 
0 
0 
1 2570
1 1626
0 
0 
2 221 2300
0 
1 3097
0 
1 2640
2 3564 5291
1 1647
0 
0 
1 2669
0 
0 
3 1880 3472 4972
1 3849
0 
0 
2 99 719
0 
1 4415
0 
0 
0 
0 
0 
1 2684
1 3188
0 
1 1898
0 
0 
0 
0 
0 
0 
1 4444
0 
2 1644 4010
0 
0 
1 1563
1 3620
0 
0 
0 
0 
0 
3 1097 2239 5443
0 
2 2579 5405
0 
0 
0 
0 
0 
0 
0 
0 
1 625
0 
0 
0 
0 
0 
0 
0 
0 
2 3531 4242
0 
1 5257
1 1370
0 
0 
1 2778
1 5133
1 134
0 
1 3050
0 
0 
0 
0 
0 
1 3647
0 
0 
1 4209
0 
0 
0 
0 
0 
0 
0 
0 
0 
0 
0 
2 575 1043
0 
0 
1 413
0 
0 
6 318 1468 2051 3046 4377 4550
0 
0 
0 
3 1109 4817 4835
0 
0 
0 
0 
0 
0 
0 
1 1356
1 2812
3 906 1634 5044
1 5058
0 
1 226
0 
0 
0 
7 1341 1577 1832 2633 3119 4145 4840
1 4524
2 939 5508
0 
0 
0 
0 
0 
0 
0 
1 3763
0 
1 2621
0 
0 
0 
0 
1 1660
0 
0 
4 3193 3594 3811 4385
0 
0 
1 254
1 1323
1 3485
0 
0 
0 
1 2661
0 
0 
0 
0 
2 887 4852
0 
1 3824
0 
0 
3 507 1964 4043
0 
0 
2 2954 3306
0 
0 
1 1852
1 5024
1 4923
1 4332
1 1245
0 
0 
0 
2 1740 4847
0 
0 
1 269
1 1458
0 
0 
0 
0 
0 
0 
0 
0 
0 
0 
0 
1 2267
1 1303
1 293
0 
0 
0 
2 4363 4678
0 
0 
0 
0 
0 
1 4457
0 
0 
0 
0 
0 
0 
6 661 699 2376 2678 3123 3208
0 
0 
0 
0 
0 
0 
1 1123
0 
0 
0 
1 471
0 
0 
0 
0 
0 
1 3489
1 3202
0 
0 
0 
0 
0 
0 
0 
0 
1 4312
0 
0 
0 
0 
0 
1 5514
1 1954
0 
0 
0 
0 
0 
0 
0 
0 
2 3127 5140
1 4099
5 44 477 1207 3030 3043
0 
0 
2 3771 4496
0 
0 
0 
0 
0 
0 
0 
0 
0 
1 1415
1 4613
0 
0 
0 
1 3295
0 
2 1641 3729
0 
2 2696 3922
1 4529
0 
1 4813
0 
0 
0 
0 
0 
0 
0 
0 
0 
0 
0 
1 2317
1 319
0 
1 4684
0 
0 
0 
0 
0 
2 872 5424
0 
0 
0 
1 2748
0 
1 2664
0 
0 
1 2339
1 4839
0 
0 
0 
0 
0 
0 
0 
0 
0 
3 2783 3130 3919
2 588 3552
0 
1 2137
1 1625
0 
0 
3 422 4015 5521
0 
0 
0 
0 
0 
0 
0 
0 
1 5005
0 
0 
0 
0 
0 
1 3057
0 
0 
0 
0 
0 
0 
0 
0 
4 536 1177 3134 4672
0 
1 3508
0 
0 
0 
1 895
3 1120 1903 4050
3 3054 3083 5298
0 
0 
3 1131 3736 5230
0 
0 
1 2240
0 
0 
0 
2 1643 5102
0 
0 
0 
1 3755
0 
3 307 1966 5394
0 
2 2195 4756
0 
2 443 2521
0 
1 2546
0 
1 1268
0 
0 
1 234
0 
1 5117
0 
0 
0 
1 4929
1 5123
2 217 5170
1 3148
1 3017
0 
0 
2 1040 4192
0 
0 
0 
0 
1 1320
0 
0 
0 
1 4517
1 5011
0 
1 5177
0 
1 3625
0 
0 
0 
1 2538
0 
0 
1 2618
0 
0 
1 1791
0 
1 4090
0 
0 
0 
1 4960
0 
2 1967 2480
0 
0 
0 
1 1564
0 
2 2042 3022
0 
1 2745
1 4568
0 
1 4241
1 2461
1 2932
1 2040
0 
0 
0 
0 
0 
0 
0 
1 58
0 
0 
0 
0 
0 
0 
0 
1 1566
0 
0 
0 
1 5342
0 
0 
0 
0 
0 
0 
0 
0 
0 
0 
0 
0 
1 1932
1 813
0 
1 3696
0 
0 
0 
0 
0 
0 
0 
3 1619 3659 3738
0 
0 
0 
0 
0 
1 3481
0 
0 
0 
0 
0 
1 267
8 429 485 1297 1557 2495 3616 4779 5275
0 
0 
0 
0 
0 
0 
0 
0 
1 3978
0 
0 
0 
1 2439
0 
0 
0 
2 82 5054
1 5225
1 5402
1 5
0 
0 
1 2735
0 
0 
0 
2 2827 3479
1 5062
1 2303
0 
0 
0 
0 
0 
1 3400
0 
0 
1 959
0 
3 833 1920 3334
0 
0 
0 
0 
0 
0 
0 
0 
1 5509
1 3832
0 
0 
1 1311
0 
0 
3 682 1411 2927
1 1992
1 4013
0 
1 467
0 
2 280 5319
1 304
2 926 1696
0 
0 
0 
0 
2 2228 3559
0 
0 
1 5347
2 2372 3466
1 489
0 
2 1318 4437
0 
2 175 2591
0 
0 
2 3 846
0 
0 
1 2015
0 
1 2575
1 1758
1 3561
1 3154
2 181 5100
0 
0 
0 
0 
1 1717
0 
0 
0 
0 
2 123 1915
0 
0 
0 
0 
0 
0 
2 4388 4859
0 
0 
0 
0 
0 
1 1729
0 
0 
0 
0 
4 2295 2964 3161 3183
0 
0 
0 
0 
0 
2 3269 5022
0 
1 2939
4 244 1377 4764 5138
0 
0 
2 683 1063
0 
1 2434
1 137
0 
0 
0 
0 
2 3071 3216
4 1376 2148 4264 4931
1 2734
0 
0 
0 
0 
0 
0 
1 560
0 
1 2614
0 
0 
0 
1 2210
0 
0 
0 
0 
0 
0 
0 
1 3789
0 
1 923
0 
1 2833
0 
0 
0 
2 369 4418
1 1472
0 
2 2 1507
1 5538
0 
0 
0 
0 
0 
3 4532 4604 5475
0 
0 
1 2060
0 
0 
2 1705 2492
2 3007 4331
0 
0 
1 4755
0 
0 
1 4720
0 
2 40 1650
0 
0 
1 1388
0 
0 
1 1000
1 2930
0 
0 
1 1711
1 4901
2 644 3298
1 1849
0 
1 2655
0 
1 547
0 
1 3129
0 
1 3411
0 
6 60 1132 1957 3356 3643 5363
0 
0 
0 
1 163
0 
0 
1 139
0 
0 
0 
0 
1 1283
1 4671
0 
0 
0 
0 
0 
0 
1 1252
0 
1 1354
0 
1 5076
0 
0 
0 
0 
0 
0 
1 2690
1 662
0 
0 
0 
0 
1 3337
0 
0 
0 
0 
0 
5 1029 2200 3171 4569 4784
1 534
1 4626
1 4834
0 
0 
0 
0 
2 231 3142
0 
0 
0 
1 5289
0 
0 
1 115
0 
0 
1 4373
0 
0 
0 
0 
1 116
0 
0 
0 
0 
0 
3 149 2318 5130
2 1026 4645
2 2705 5511
2 3215 3457
3 672 768 2205
2 2220 5132
2 433 4455
1 2894
0 
1 2925
0 
0 
0 
0 
0 
0 
0 
1 722
0 
0 
1 2265
1 4172
0 
0 
0 
0 
1 1160
2 1590 4800
0 
0 
0 
0 
0 
0 
0 
1 3839
0 
3 2005 3730 5449
0 
0 
0 
0 
1 3926
0 
0 
0 
0 
1 4372
0 
2 1539 1694
0 
0 
0 
0 
2 2790 2999
4 629 3247 4369 4575
0 
0 
0 
0 
2 80 2067
0 
2 1665 3663
0 
0 
0 
0 
0 
0 
0 
0 
2 2178 3456
1 3339
1 3804
0 
0 
0 
0 
0 
0 
0 
1 1479
0 
1 1797
1 4263
1 4632
1 573
0 
0 
0 
0 
0 
2 264 1804
0 
0 
3 1028 2804 4337
0 
0 
2 562 4797
0 
0 
0 
0 
0 
2 3019 4266
0 
0 
0 
0 
1 4073
1 151
1 1862
1 4879
1 4217
0 
0 
0 
0 
0 
1 2292
0 
1 3424
0 
0 
0 
2 1805 2695
0 
0 
0 
0 
0 
0 
1 732
0 
1 3762
0 
0 
0 
0 
0 
0 
0 
0 
0 
1 668
0 
0 
0 
0 
0 
0 
0 
0 
0 
0 
0 
1 819
0 
0 
0 
1 888
0 
0 
0 
1 4221
4 1867 2542 5107 5217
1 3287
0 
1 3507
0 
1 2429
0 
0 
3 355 2409 4908
2 2260 2811
0 
0 
1 1291
1 1829
0 
0 
0 
0 
1 1756
0 
0 
0 
1 5362
0 
1 1496
1 3392
0 
1 2347
4 647 3413 4913 5072
0 
1 994
1 3776
0 
2 110 1034
0 
3 1148 3264 3709
0 
0 
0 
0 
3 340 3254 3519
0 
1 2942
0 
1 214
0 
0 
2 2351 3432
2 36 3920
0 
0 
0 
3 718 868 1172
2 3772 5214
2 2649 2765
4 1764 3927 4132 4431
0 
1 4759
1 5189
0 
2 1773 2213
1 2866
0 
0 
0 
0 
0 
0 
1 1785
0 
1 63
0 
3 1555 2610 5404
0 
3 1023 3389 3500
0 
0 
1 2059
0 
1 423
0 
0 
0 
1 2545
0 
0 
1 168
0 
0 
0 
0 
0 
2 1983 3942
4 1793 1979 2750 2870
0 
4 180 688 2587 3192
0 
1 3436
1 3648
5 50 339 3585 3618 5168
0 
0 
1 3335
0 
0 
0 
0 
0 
1 4811
0 
4 2227 3688 3980 4413
1 3094
2 1362 2105
0 
0 
1 5380
0 
6 315 3395 3428 4035 4982 5497
8 375 377 957 1874 3151 3581 4652 5259
0 
0 
5 1346 1406 1735 2843 4892
3 2887 4542 5114
1 2525
1 2017
0 
0 
2 2157 5261
0 
0 
0 
4 28 199 1843 2451
0 
0 
0 
0 
0 
2 1103 4003
0 
0 
0 
1 3081
0 
2 112 1703
1 1192
0 
0 
0 
0 
0 
0 
0 
0 
1 863
0 
0 
1 10
0 
3 333 614 1594
0 
1 191
0 
0 
1 5271
0 
0 
1 3239
1 5325
0 
0 
2 1011 5046
0 
0 
1 678
0 
0 
0 
1 4173
3 4552 4999 5438
1 2608
0 
1 4826
1 4309
0 
0 
0 
0 
0 
3 1073 3732 5321
0 
0 
1 4185
0 
1 390
0 
3 506 1122 3090
1 431
0 
0 
0 
0 
1 1713
0 
0 
1 2562
0 
0 
0 
1 1726
0 
1 4495
0 
0 
0 
0 
0 
0 
0 
0 
1 4958
0 
1 4729
0 
0 
0 
1 4636
1 1605
0 
0 
0 
2 1281 1293
0 
0 
0 
0 
0 
1 491
0 
0 
0 
0 
0 
2 1708 4836
0 
1 2761
0 
1 4935
0 
1 87
0 
0 
1 4428
0 
0 
0 
0 
0 
1 3864
0 
1 3749
0 
2 1839 4360
1 5290
1 4868
1 2470
0 
0 
0 
2 511 1163
2 590 1487
0 
2 2072 4791
1 2644
0 
0 
2 1786 5446
0 
0 
0 
0 
0 
1 5211
1 3276
1 4129
1 1049
0 
0 
0 
0 
0 
1 4616
0 
2 2039 4760
0 
1 5517
0 
0 
0 
2 600 3443
0 
0 
0 
0 
0 
0 
1 3191
0 
1 3551
0 
0 
0 
1 1554
1 97
3 1087 3359 5070
0 
1 2038
1 3234
0 
0 
2 3506 3834
0 
0 
0 
0 
0 
0 
1 3812
1 4543
0 
0 
0 
0 
0 
1 3487
0 
0 
0 
0 
0 
1 1284
0 
1 5201
0 
0 
0 
1 1869
0 
0 
3 450 2302 2606
0 
0 
1 2330
1 3340
0 
0 
0 
1 1544
2 803 4711
2 2377 3848
0 
2 1925 5147
0 
0 
1 4293
1 2660
0 
0 
0 
0 
1 5224
1 4378
0 
1 4535
0 
0 
0 
0 
0 
1 4650
1 1802
0 
0 
0 
0 
0 
0 
2 2539 4740
0 
1 4894
2 1653 1654
0 
0 
1 4709
3 2830 5430 5452
0 
2 1176 5016
0 
2 3195 5505
0 
0 
0 
3 902 3859 5480
0 
2 1888 5003
0 
0 
0 
0 
0 
2 469 2034
1 4379
0 
0 
0 
0 
0 
2 2087 3430
1 2482
1 5159
0 
0 
0 
0 
1 4907
0 
0 
0 
1 4386
2 2568 4809
0 
1 3534
0 
0 
0 
0 
1 2858
0 
1 4985
0 
2 361 4804
0 
0 
0 
0 
0 
1 4527
0 
1 5029
0 
0 
0 
1 967
0 
0 
0 
0 
1 1969
2 1724 4234
0 
0 
1 228
0 
0 
1 7
2 548 2623
1 1679
0 
0 
0 
0 
0 
0 
0 
2 4019 4820
0 
2 1431 2133
0 
0 
0 
0 
0 
0 
0 
3 729 1473 3326
0 
1 1814
2 1542 2197
0 
1 290
0 
0 
0 
0 
0 
0 
0 
1 1183
0 
0 
0 
0 
0 
2 1877 2737
0 
1 2540
0 
0 
1 3603
1 1264
0 
1 1521
0 
0 
0 
0 
0 
0 
0 
1 75
0 
1 3039
0 
0 
0 
0 
0 
0 
0 
0 
0 
0 
0 
0 
0 
0 
1 1495
0 
0 
0 
0 
0 
0 
0 
0 
0 
1 1836
0 
0 
0 
1 2068
0 
0 
0 
0 
0 
0 
0 
0 
0 
0 
0 
0 
0 
2 996 4358
0 
0 
0 
0 
0 
0 
0 
0 
0 
0 
0 
2 2634 3961
0 
1 5188
0 
0 
2 2369 3423
0 
0 
7 49 85 602 1864 2070 3543 4159
1 2595
0 
0 
0 
0 
0 
0 
4 165 1188 3638 4228
0 
0 
0 
2 21 2989
0 
1 3494
0 
0 
0 
1 4278
1 3952
0 
0 
0 
0 
1 2871
1 5428
0 
0 
1 570
1 2336
0 
0 
0 
1 988
0 
2 4419 4796
0 
0 
0 
0 
0 
1 2477
1 3609
1 1064
0 
2 1127 2560
1 300
0 
1 444
0 
1 3139
0 
0 
0 
0 
0 
0 
0 
0 
0 
0 
1 3136
0 
1 2127
0 
1 1841
0 
0 
1 2271
1 3916
0 
0 
0 
0 
0 
0 
0 
0 
0 
1 1733
0 
0 
0 
0 
1 3505
0 
0 
1 2412
0 
1 4174
3 1970 3877 3958
0 
0 
1 4665
0 
1 913
2 2961 3611
0 
0 
3 2103 2272 4265
1 3473
0 
0 
0 
0 
1 4423
0 
0 
0 
1 3716
1 943
0 
1 93
1 2449
1 4184
1 3924
0 
0 
0 
1 4402
1 3554
0 
2 2011 3026
1 4220
0 
1 2389
1 5254
2 3882 5329
2 2892 4771
0 
1 2837
1 4492
0 
0 
0 
0 
0 
0 
0 
0 
0 
0 
0 
0 
0 
1 47
0 
0 
0 
0 
0 
0 
0 
1 109
0 
0 
1 5157
0 
0 
0 
0 
0 
0 
0 
0 
0 
1 4461
1 3011
0 
0 
0 
0 
0 
0 
0 
0 
0 
0 
1 3816
0 
0 
0 
1 931
1 1956
0 
0 
0 
1 1923
0 
0 
0 
0 
0 
0 
0 
0 
2 3682 3843
0 
0 
0 
0 
0 
1 1973
1 787
0 
0 
0 
0 
0 
0 
0 
2 2935 4083
0 
0 
2 1222 4886
1 4656
0 
1 1266
0 
0 
0 
1 4688
1 2585
3 587 3528 4154
0 
0 
1 3767
0 
0 
0 
0 
0 
0 
2 745 4805
0 
1 3268
0 
1 1249
3 213 4199 4526
0 
0 
0 
1 2987
0 
4 1947 2341 3982 5341
0 
1 5186
0 
0 
0 
0 
0 
2 4052 5216
1 1483
2 96 381
0 
0 
0 
0 
0 
1 2808
1 1081
1 1578
3 1423 1896 5267
1 2130
2 2033 3396
5 556 3279 4445 4710 4928
2 2184 3305
0 
0 
0 
0 
1 5406
0 
0 
0 
0 
0 
0 
1 4014
1 983
0 
0 
1 3539
0 
0 
0 
0 
2 2221 3282
0 
1 515
0 
1 4215
1 158
0 
0 
1 4541
0 
0 
0 
0 
1 2603
1 3791
0 
1 4622
0 
1 4997
0 
0 
2 5209 5543
0 
0 
2 541 5030
0 
0 
1 5389
1 4499
0 
0 
0 
0 
2 2278 3597
3 1228 2513 4235
0 
0 
0 
1 2291
1 2530
3 291 2647 4027
0 
0 
1 3796
1 1662
1 1410
0 
2 2354 4406
0 
1 154
0 
0 
0 
0 
0 
1 4151
0 
0 
0 
0 
0 
0 
0 
0 
3 330 4370 5234
0 
0 
0 
0 
1 2771
0 
0 
1 1208
0 
0 
0 
0 
0 
0 
1 2234
1 1704
0 
0 
0 
2 1769 4055
3 3258 4128 4833
0 
0 
0 
0 
0 
0 
0 
1 3101
0 
1 4925
0 
0 
1 1776
0 
1 3181
0 
0 
0 
0 
0 
0 
0 
0 
0 
0 
0 
0 
1 4624
0 
0 
0 
0 
1 1834
0 
0 
0 
1 1457
1 4858
0 
2 1114 3792
0 
0 
0 
0 
1 4498
0 
0 
2 525 2322
1 3845
0 
0 
0 
1 4957
2 310 3639
0 
1 2978
0 
0 
0 
0 
0 
0 
0 
1 1990
1 2829
0 
0 
0 
0 
2 3042 5033
1 4458
1 4753
0 
0 
0 
1 5372
0 
0 
0 
0 
1 776
0 
0 
0 
0 
1 2747
1 3654
2 3330 3699
0 
1 1788
0 
1 5420
1 5244
0 
0 
0 
0 
0 
0 
1 4313
0 
2 1478 4076
0 
1 1248
0 
0 
0 
1 2724
0 
0 
1 2840
0 
0 
0 
0 
0 
0 
2 1884 2418
1 2065
0 
1 4186
0 
0 
0 
1 2619
1 711
0 
0 
1 4120
1 1381
0 
1 3579
0 
0 
0 
0 
2 445 2333
0 
2 742 3971
1 3840
1 4117
0 
0 
1 4149
2 713 3518
0 
0 
0 
0 
0 
1 403
0 
0 
0 
0 
0 
0 
2 4477 5422
0 
0 
0 
0 
2 951 5253
1 601
2 781 2091
4 810 2529 3393 4016
1 1113
0 
1 5207
2 1156 2622
0 
0 
0 
0 
0 
1 916
2 1523 4510
1 1339
1 1481
2 826 2379
1 3833
0 
0 
1 4754
1 3842
0 
1 486
1 4939
2 495 1799
0 
2 59 4849
1 3825
1 696
0 
1 3637
0 
1 5531
0 
1 114
0 
0 
4 270 1784 2648 4964
0 
0 
1 645
1 2395
0 
0 
0 
0 
0 
0 
1 4491
0 
0 
0 
0 
2 633 2179
0 
1 5392
0 
1 5258
2 2936 3106
0 
2 396 4625
0 
1 5120
0 
0 
0 
0 
1 4705
0 
0 
1 1133
1 1809
0 
0 
0 
0 
0 
1 875
0 
1 3790
1 3082
1 1722
0 
1 5094
0 
0 
0 
0 
1 3536
2 2385 4253
1 5035
0 
0 
0 
0 
0 
1 4637
1 5105
1 4274
1 4165
0 
2 714 4679
0 
0 
0 
1 999
0 
0 
1 912
0 
0 
0 
1 91
0 
0 
0 
1 4884
0 
0 
0 
1 604
1 3470
0 
0 
0 
0 
0 
0 
0 
0 
3 2940 3166 5106
1 3987
1 2642
0 
0 
1 3124
0 
1 4180
1 1545
0 
0 
0 
0 
0 
0 
0 
0 
1 987
0 
0 
0 
0 
1 406
1 2199
1 3156
0 
1 4368
0 
1 3707
1 3488
0 
2 669 3047
0 
1 3455
2 1844 4031
1 2899
1 651
0 
0 
0 
0 
0 
1 2469
1 1593
1 3697
1 3728
2 1047 3086
0 
0 
0 
0 
0 
0 
0 
1 3058
2 212 5231
1 1138
3 620 1198 2912
0 
0 
0 
0 
0 
0 
2 4727 5355
0 
1 5285
1 938
0 
0 
0 
0 
0 
1 3286
0 
0 
0 
0 
1 1282
0 
1 3974
0 
1 3475
1 3370
0 
1 4691
1 608
0 
0 
1 958
0 
0 
0 
1 1751
0 
0 
0 
1 3116
0 
1 3060
1 3701
2 11 2366
0 
0 
0 
0 
0 
1 800
0 
1 2248
0 
0 
2 1042 5242
1 1883
0 
0 
2 2116 2459
0 
2 2334 4783
1 2781
0 
0 
0 
0 
0 
0 
0 
1 4788
0 
8 118 873 1164 3838 4352 4359 4573 5320
0 
0 
3 1497 1767 5322
1 2088
3 2548 3527 4606
0 
0 
1 5063
0 
1 3605
1 867
0 
1 2288
0 
3 1604 3454 3540
0 
1 405
1 464
0 
0 
0 
0 
1 637
0 
0 
0 
6 327 336 1934 2573 3015 3580
0 
0 
0 
0 
0 
1 761
0 
1 4873
0 
0 
1 2427
1 1347
0 
1 2126
0 
2 240 2193
0 
0 
0 
1 446
0 
0 
0 
1 454
0 
2 105 2090
0 
0 
0 
0 
1 2140
1 2309
0 
0 
0 
0 
0 
0 
1 4098
1 1887
0 
1 1681
1 3901
1 5080
0 
0 
2 3064 4238
0 
0 
1 844
1 421
0 
0 
0 
0 
0 
1 857
0 
0 
0 
0 
0 
2 3815 4454
2 2675 4631
0 
0 
0 
0 
1 3774
0 
1 3719
0 
0 
0 
0 
0 
0 
0 
0 
0 
0 
1 4311
0 
0 
1 2256
0 
2 1306 1916
0 
1 2943
1 4802
0 
0 
0 
1 3103
0 
1 4407
0 
0 
1 1630
0 
1 2400
0 
1 133
2 2593 5303
3 555 765 5182
1 526
3 1078 1348 5155
1 2728
0 
1 4345
0 
0 
0 
0 
0 
0 
1 2349
2 1770 2691
0 
0 
0 
1 754
0 
0 
0 
1 492
0 
0 
0 
0 
0 
0 
0 
1 2113
0 
2 360 1819
1 4004
2 3910 4790
0 
0 
1 1206
0 
0 
0 
0 
0 
0 
1 522
0 
1 490
0 
0 
0 
1 640
0 
0 
0 
0 
0 
0 
0 
1 3640
0 
1 332
0 
0 
0 
0 
0 
0 
0 
0 
0 
0 
0 
0 
1 2985
0 
0 
1 3503
1 94
0 
0 
0 
1 1490
0 
0 
1 3769
0 
0 
1 5328
3 229 627 2958
0 
0 
0 
0 
1 1246
0 
2 1871 2186
0 
0 
1 1098
1 5161
0 
0 
1 3000
1 3272
0 
0 
0 
0 
1 973
0 
0 
0 
1 5002
0 
1 3667
0 
0 
1 2677
1 2667
2 1270 4141
0 
0 
2 3941 4883
0 
0 
0 
0 
1 2164
1 17
0 
0 
0 
0 
1 1326
0 
0 
0 
0 
0 
1 4230
0 
0 
0 
1 1986
1 4728
0 
0 
0 
1 1501
1 4194
0 
1 32
0 
1 1146
0 
0 
1 509
0 
0 
0 
2 378 1534
0 
0 
0 
0 
0 
2 3677 3694
0 
0 
0 
0 
0 
0 
0 
0 
2 1602 3805
1 1518
0 
2 835 1258
0 
0 
0 
0 
0 
0 
0 
0 
1 1815
0 
1 3888
0 
1 2114
3 448 476 4843
0 
0 
3 386 2466 4382
0 
2 2232 4025
0 
0 
0 
3 79 557 4326
0 
0 
0 
4 216 4338 5441 5462
0 
0 
0 
0 
1 1529
0 
0 
0 
0 
2 1408 3226
0 
0 
0 
0 
0 
1 3217
0 
0 
1 2018
0 
0 
0 
0 
2 558 5334
0 
0 
0 
0 
0 
0 
0 
2 2046 5119
1 4807
0 
0 
1 2170
0 
1 700
0 
1 4617
0 
0 
1 283
0 
1 4938
0 
2 797 2770
0 
0 
0 
0 
0 
1 5227
0 
2 1610 2329
0 
0 
0 
0 
0 
0 
0 
0 
0 
0 
1 4597
1 4393
0 
0 
0 
2 568 935
0 
0 
2 666 4745
1 1449
0 
0 
1 2032
1 184
1 4698
0 
0 
0 
1 451
0 
0 
0 
0 
0 
1 5410
0 
0 
0 
1 5522
2 2844 5472
0 
0 
0 
4 866 1698 2071 2192
0 
1 3214
1 120
1 4912
1 1405
1 5307
3 1328 2494 4580
0 
0 
0 
0 
0 
0 
0 
2 1261 1637
0 
2 353 2422
1 4476
2 397 4916
0 
0 
0 
0 
0 
0 
1 5178
0 
0 
0 
0 
1 4335
0 
1 4196
0 
1 3366
0 
0 
0 
0 
0 
0 
3 1663 4183 4371
0 
0 
0 
0 
4 687 1499 2592 4047
0 
0 
0 
2 1357 2547
0 
0 
0 
0 
0 
0 
0 
0 
0 
0 
0 
0 
0 
0 
1 834
0 
1 5283
0 
0 
0 
0 
1 3451
1 3735
0 
0 
0 
0 
0 
1 750
1 5409
4 811 2174 2641 3382
0 
0 
0 
2 346 1765
0 
0 
0 
0 
0 
0 
0 
0 
0 
1 4142
0 
1 5352
1 2485
1 4904
1 2237
1 1899
0 
0 
0 
2 4623 5301
0 
0 
0 
1 4795
0 
4 928 4005 4205 4642
0 
0 
1 2297
0 
0 
0 
0 
1 5110
0 
0 
0 
0 
0 
1 774
1 3033
1 4244
0 
0 
0 
0 
0 
3 2447 2888 3856
2 1244 2154
2 756 1527
0 
0 
0 
0 
1 1115
0 
0 
0 
1 1331
0 
0 
1 940
1 1008
0 
1 211
0 
1 516
0 
1 3841
0 
0 
1 1928
0 
0 
1 4664
0 
1 320
0 
1 2438
0 
0 
0 
1 4210
0 
0 
0 
0 
1 982
0 
1 3459
0 
0 
0 
1 3256
0 
0 
1 4967
1 612
0 
2 1407 4592
0 
1 108
0 
0 
1 2452
1 1142
0 
0 
1 2511
0 
2 1688 2766
0 
1 5434
0 
0 
0 
1 2880
1 1110
0 
1 2167
0 
0 
0 
1 4778
0 
1 1005
1 2819
1 5221
0 
1 3028
0 
0 
0 
1 1886
0 
1 4947
1 3521
0 
0 
0 
0 
0 
0 
0 
0 
0 
2 258 1409
0 
0 
1 1433
0 
0 
1 4463
0 
0 
0 
0 
0 
1 4240
1 3959
0 
1 760
1 3748
0 
0 
1 1315
1 3439
0 
0 
0 
0 
0 
2 892 4089
0 
0 
1 4962
1 4538
0 
0 
0 
0 
1 5127
0 
1 2001
0 
0 
1 3325
0 
0 
0 
1 2569
0 
0 
1 616
0 
1 3013
0 
2 1400 3111
0 
1 384
0 
3 1416 1960 3887
0 
0 
0 
0 
0 
0 
0 
0 
0 
0 
0 
1 791
1 1875
0 
0 
0 
1 3288
0 
2 3909 5277
0 
0 
0 
0 
0 
1 2355
0 
0 
0 
1 2752
1 4299
0 
1 4056
0 
0 
0 
0 
1 997
0 
0 
1 1365
0 
2 1747 4587
0 
0 
0 
0 
2 1179 1549
0 
1 3336
1 4160
2 1121 1312
0 
0 
0 
0 
1 2136
0 
0 
0 
1 4489
1 1897
0 
1 4723
1 838
1 1382
1 4114
0 
0 
1 2212
1 974
1 313
0 
0 
0 
0 
1 2159
1 3297
0 
0 
0 
0 
2 3854 5518
0 
2 1032 3668
0 
2 400 5464
0 
1 3448
0 
0 
1 3747
1 3293
0 
1 1353
0 
0 
1 2785
1 3672
0 
0 
0 
0 
0 
0 
0 
1 461
1 487
0 
1 3522
0 
0 
2 2101 5064
0 
2 1445 3712
0 
2 603 3078
2 1395 4481
1 1718
0 
0 
0 
0 
0 
0 
0 
0 
1 54
0 
0 
0 
0 
0 
0 
0 
0 
0 
2 2571 4670
0 
0 
0 
0 
0 
0 
0 
0 
0 
1 0
0 
0 
1 2896
0 
0 
0 
0 
1 2416
0 
1 208
0 
0 
0 
0 
0 
1 170
0 
1 3118
1 3931
0 
0 
0 
0 
0 
0 
2 1380 1585
0 
1 183
1 3294
0 
0 
0 
0 
0 
1 632
1 4403
0 
0 
0 
0 
1 869
0 
0 
0 
0 
0 
0 
0 
1 5395
0 
1 2544
0 
0 
1 5165
0 
1 2973
0 
0 
1 2629
0 
0 
0 
0 
0 
1 1434
1 3065
1 1085
0 
0 
0 
0 
1 294
0 
0 
1 1053
0 
1 436
0 
1 964
0 
1 1949
1 3381
0 
0 
0 
1 1823
1 809
0 
0 
0 
0 
0 
1 2145
0 
1 2327
2 2360 4022
0 
0 
2 247 741
0 
0 
0 
2 2080 4304
0 
0 
0 
0 
2 4763 5265
1 3691
0 
0 
0 
2 2146 2411
0 
0 
0 
0 
0 
0 
0 
0 
0 
0 
2 1603 3190
1 3653
0 
0 
0 
0 
0 
0 
0 
0 
1 2075
0 
2 37 582
0 
0 
0 
0 
0 
2 2358 2624
1 2244
0 
0 
1 363
0 
0 
0 
0 
0 
1 2782
0 
0 
1 4767
0 
0 
1 4806
1 4319
2 595 3244
1 899
0 
1 1982
0 
2 2541 2565
0 
0 
1 3453
1 3426
2 22 1363
0 
0 
1 5001
1 1238
0 
0 
0 
1 3263
0 
0 
0 
1 2514
0 
1 1645
2 1209 2010
0 
0 
0 
1 3865
1 3045
0 
3 960 3403 4940
0 
0 
0 
1 45
0 
0 
0 
1 3076
0 
1 2941
1 4366
0 
0 
0 
1 3929
0 
0 
0 
0 
0 
1 2869
0 
0 
1 4799
0 
0 
0 
0 
0 
0 
0 
0 
1 4339
0 
0 
0 
0 
0 
2 3157 3368
0 
1 5526
0 
0 
0 
2 891 5493
0 
0 
0 
1 723
0 
1 3496
0 
0 
0 
0 
1 3490
1 1782
3 3262 3960 4157
0 
1 3281
0 
1 2247
0 
1 1426
1 3949
0 
4 1187 2599 3385 3606
0 
0 
0 
0 
0 
0 
1 1392
1 89
0 
1 1505
0 
3 1766 2056 5525
1 1134
0 
1 2966
0 
2 3669 5374
0 
1 3044
1 643
0 
0 
0 
0 
1 3074
0 
0 
0 
0 
0 
1 2703
1 4862
0 
0 
0 
0 
1 1850
0 
1 2600
1 1476
0 
0 
0 
0 
2 197 1446
2 3107 3604
6 279 2842 4411 4497 4634 4661
1 4275
0 
0 
0 
0 
1 5241
1 1427
0 
0 
2 95 2363
1 4391
0 
0 
0 
2 2436 2917
0 
1 2415
0 
0 
0 
0 
3 51 325 1486
0 
0 
0 
0 
0 
1 29
0 
0 
0 
1 308
1 2135
1 251
1 439
0 
0 
0 
0 
0 
0 
0 
0 
0 
1 331
0 
0 
0 
0 
1 3934
0 
0 
0 
0 
0 
1 885
0 
0 
0 
0 
2 1571 1981
0 
0 
0 
1 2073
1 4969
0 
1 3876
1 5351
0 
0 
0 
0 
0 
0 
2 948 3793
0 
0 
0 
0 
0 
0 
1 2118
0 
1 1090
0 
0 
0 
0 
0 
0 
0 
0 
0 
0 
0 
0 
0 
1 1267
0 
2 1945 5079
0 
1 5453
0 
1 2996
0 
0 
1 2861
1 3809
1 401
0 
0 
0 
1 427
0 
0 
0 
1 1277
2 2523 4133
0 
0 
1 607
1 2397
1 3492
2 3658 4257
0 
0 
0 
2 725 1902
0 
1 744
1 4046
1 5247
0 
0 
0 
1 4734
0 
0 
0 
1 3031
0 
0 
4 424 519 1210 4924
0 
0 
1 3571
0 
0 
0 
0 
0 
1 2476
0 
0 
0 
0 
0 
0 
1 1111
0 
0 
0 
3 2636 4737 5136
1 4818
1 4750
0 
0 
0 
2 2757 5274
0 
0 
1 5423
1 2967
0 
1 1145
0 
0 
3 494 1325 4100
1 4466
0 
1 4536
0 
0 
0 
0 
0 
0 
0 
2 2777 2911
0 
0 
0 
1 3205
1 5529
0 
0 
0 
1 3493
0 
1 1502
0 
0 
1 1437
0 
2 5338 5384
0 
2 4658 4774
1 1513
1 733
0 
0 
0 
0 
0 
0 
0 
0 
1 4539
0 
0 
0 
0 
0 
0 
0 
0 
1 4860
0 
0 
1 5544
0 
0 
0 
0 
0 
0 
0 
0 
0 
0 
1 1174
0 
0 
0 
0 
0 
0 
0 
1 2915
0 
0 
0 
0 
0 
0 
2 1745 5337
1 3785
1 3309
0 
1 3416
0 
1 2367
1 1236
0 
0 
0 
1 4707
0 
0 
1 3008
0 
0 
0 
0 
0 
0 
0 
0 
1 5139
0 
0 
0 
0 
0 
0 
1 4276
1 5038
0 
0 
0 
0 
0 
0 
0 
0 
2 793 2189
0 
0 
0 
0 
0 
1 3575
1 111
0 
0 
1 1515
0 
1 5047
0 
0 
0 
0 
0 
2 124 4897
1 4841
0 
0 
0 
0 
0 
0 
0 
0 
1 3622
0 
1 4350
0 
0 
0 
0 
0 
0 
1 3458
0 
0 
0 
0 
0 
1 1343
0 
0 
12 908 1031 1082 2588 2949 3149 3237 3429 3465 3636 5160 5515
1 944
0 
0 
0 
1 2058
1 5204
1 4870
0 
0 
0 
0 
1 1475
0 
0 
0 
0 
0 
0 
0 
0 
0 
0 
0 
0 
2 1800 5483
0 
1 1937
1 285
0 
0 
2 1223 4676
1 2620
1 4761
0 
0 
0 
2 26 734
2 2097 3657
1 630
0 
0 
1 407
0 
0 
0 
1 2832
0 
0 
1 388
0 
0 
0 
0 
0 
2 2099 3170
1 1066
0 
1 4465
0 
0 
0 
0 
0 
2 1342 3875
0 
0 
0 
0 
2 1166 2304
0 
0 
1 2910
0 
0 
0 
0 
0 
0 
2 2405 3095
0 
0 
0 
0 
1 1296
0 
1 1052
0 
4 2458 3567 3671 5383
0 
0 
0 
0 
0 
1 457
0 
1 4663
0 
0 
1 352
1 4598
0 
1 563
1 1130
0 
0 
0 
0 
1 989
0 
0 
0 
1 966
1 4017
1 2332
1 5194
0 
1 4567
0 
1 4036
0 
0 
0 
0 
1 2650
0 
0 
0 
0 
1 4219
0 
1 4846
0 
1 3607
0 
0 
0 
0 
0 
3 3408 4323 5012
0 
1 1995
1 5358
1 3055
0 
0 
0 
0 
0 
4 367 2802 3510 5450
0 
0 
0 
0 
0 
0 
0 
0 
1 2959
0 
0 
2 1699 2963
0 
0 
0 
0 
0 
0 
0 
0 
0 
0 
0 
0 
2 2817 3160
0 
0 
0 
0 
0 
2 1015 3209
0 
1 1128
0 
0 
0 
0 
0 
0 
0 
1 3105
1 3889
0 
0 
0 
0 
0 
0 
6 15 278 1181 2862 3739 5309
1 5162
1 1712
0 
0 
2 762 4009
0 
0 
1 5065
1 549
0 
0 
0 
1 3391
0 
0 
0 
1 4706
1 574
0 
1 4832
0 
0 
1 4718
1 1451
0 
0 
1 4459
1 3925
0 
0 
1 3159
0 
1 3406
0 
0 
0 
0 
1 621
0 
1 2290
0 
0 
0 
1 88
0 
0 
1 3905
0 
1 3353
1 414
1 5099
0 
0 
0 
0 
0 
0 
0 
0 
3 1116 1537 3328
1 589
0 
1 3547
0 
1 3523
0 
0 
0 
0 
0 
0 
0 
1 4074
1 1271
1 3938
0 
0 
1 292
0 
0 
0 
0 
2 42 207
0 
1 504
0 
0 
0 
0 
0 
0 
0 
0 
0 
0 
0 
0 
0 
1 4762
1 4557
1 5314
0 
2 3332 4566
0 
1 4300
0 
2 3014 5306
0 
0 
0 
0 
1 2123
0 
0 
0 
0 
0 
0 
1 4979
0 
0 
1 326
0 
1 2905
0 
0 
1 4116
0 
0 
0 
0 
0 
0 
0 
1 1946
0 
0 
0 
1 3145
0 
0 
0 
0 
1 1803
0 
0 
2 915 2380
0 
1 4137
1 2632
0 
0 
0 
0 
0 
1 2658
0 
0 
1 2462
1 1447
1 737
0 
0 
0 
3 70 1873 4161
0 
0 
0 
0 
1 4490
0 
1 2102
0 
0 
0 
0 
1 3482
1 5411
0 
1 2387
0 
0 
0 
1 8
0 
0 
0 
2 1466 2816
0 
0 
1 3533
0 
0 
0 
1 4653
0 
0 
0 
1 4601
0 
0 
2 4422 4724
0 
1 538
1 2971
0 
0 
1 4049
0 
0 
0 
0 
1 5151
1 194
0 
0 
0 
0 
1 1274
0 
0 
0 
0 
1 2876
1 2224
0 
0 
0 
1 2475
0 
0 
0 
0 
0 
1 4955
0 
0 
1 4354
0 
0 
1 14
1 1460
0 
0 
0 
0 
0 
0 
0 
0 
0 
0 
0 
0 
0 
1 3222
0 
2 276 2653
0 
0 
2 971 3808
0 
1 4054
0 
1 3953
0 
0 
0 
0 
0 
2 3021 4765
0 
1 2216
2 2166 2310
0 
0 
0 
0 
1 2851
2 4612 5412
0 
0 
0 
0 
0 
0 
0 
0 
1 1442
0 
0 
1 1826
0 
1 3452
0 
0 
1 3206
1 2923
1 1422
2 1532 5192
0 
0 
1 2512
0 
0 
0 
0 
0 
0 
0 
0 
0 
2 537 3655
0 
1 3390
0 
0 
0 
1 4953
2 979 5077
1 2806
0 
0 
0 
0 
0 
0 
0 
2 4933 5541
1 3545
1 3114
0 
0 
0 
1 4387
0 
1 2131
0 
0 
0 
1 814
0 
0 
1 3933
1 1716
0 
1 4880
0 
1 2773
1 4434
0 
0 
0 
1 408
0 
0 
1 998
0 
0 
1 1616
1 559
0 
1 3797
1 2489
0 
0 
0 
0 
0 
0 
0 
0 
0 
0 
0 
0 
0 
0 
0 
0 
1 3822
0 
1 198
0 
0 
0 
0 
1 3544
0 
0 
0 
1 1383
0 
1 1730
0 
0 
2 287 4250
0 
1 1059
1 1720
0 
1 1016
0 
0 
0 
0 
1 4744
1 3720
0 
1 220
0 
1 4906
0 
0 
0 
0 
0 
0 
0 
1 5327
0 
0 
0 
1 4232
1 673
0 
1 1216
0 
0 
0 
0 
0 
0 
1 257
0 
0 
1 4914
0 
1 166
0 
2 2813 5197
0 
1 3027
1 1868
0 
0 
1 5250
0 
0 
0 
2 1378 2692
0 
0 
0 
0 
0 
0 
0 
0 
0 
0 
0 
0 
1 337
0 
1 4357
0 
0 
0 
1 4808
1 2803
2 1656 4515
0 
0 
1 3630
0 
2 1196 5435
2 4581 4922
2 4390 5073
0 
0 
1 3285
0 
3 2872 4084 4564
0 
0 
0 
0 
1 5400
0 
0 
2 564 3686
1 2003
0 
0 
0 
1 2796
0 
0 
0 
0 
1 5536
0 
0 
1 2907
1 5066
1 4662
0 
0 
7 985 2132 2276 2666 3693 3830 5317
1 156
2 517 5198
1 961
1 820
0 
2 3595 4994
0 
1 2729
0 
0 
0 
1 1774
0 
0 
0 
0 
0 
1 5000
0 
0 
0 
0 
0 
0 
0 
0 
2 1045 4380
0 
0 
0 
1 4436
0 
0 
0 
0 
0 
1 577
0 
1 3706
2 772 4226
0 
0 
0 
1 2241
0 
0 
0 
1 119
1 1020
1 107
1 4865
1 2061
0 
1 2951
1 4213
1 624
1 5095
0 
0 
0 
0 
1 3546
0 
0 
0 
1 2255
0 
0 
0 
0 
0 
0 
0 
3 619 1242 1599
0 
2 2201 2209
0 
0 
1 3731
0 
0 
1 5085
1 4725
1 2698
0 
1 690
0 
0 
1 879
0 
0 
1 482
2 4675 5056
1 1612
0 
0 
0 
0 
0 
1 5206
0 
0 
0 
1 1420
0 
0 
1 523
2 18 3460
1 1448
0 
1 430
0 
1 4067
0 
0 
1 675
0 
0 
3 2643 2799 4968
0 
0 
0 
1 4135
1 2120
0 
0 
0 
1 4103
0 
0 
0 
0 
0 
2 1333 2596
2 1167 5032
0 
0 
0 
0 
0 
1 3221
0 
1 1288
0 
0 
1 5540
1 1429
0 
1 5528
0 
0 
0 
0 
0 
0 
0 
0 
1 2421
0 
0 
0 
0 
1 2362
0 
0 
1 3367
0 
1 69
0 
0 
0 
0 
1 4456
0 
0 
1 52
0 
0 
0 
1 4638
0 
0 
0 
0 
0 
0 
0 
0 
0 
1 1013
1 1639
0 
0 
0 
1 925
1 4770
0 
0 
0 
1 4861
1 1941
1 4347
0 
0 
1 2023
0 
0 
0 
0 
0 
0 
0 
0 
0 
0 
0 
1 1396
0 
0 
0 
0 
0 
1 189
2 2594 4200
1 4198
0 
0 
1 4544
0 
0 
0 
0 
0 
0 
0 
2 4044 5270
0 
1 2096
0 
0 
1 4420
0 
0 
0 
0 
0 
0 
1 5368
0 
1 3308
1 3271
0 
0 
0 
2 789 5069
1 1771
1 1289
0 
0 
0 
1 1580
0 
0 
0 
0 
1 5125
0 
0 
0 
0 
0 
0 
1 2984
2 2960 3675
1 4307
0 
0 
0 
0 
0 
0 
0 
1 2168
1 2083
1 4549
1 3351
1 579
0 
0 
0 
0 
0 
0 
2 708 5459
1 5196
0 
0 
0 
0 
1 1077
0 
0 
0 
2 354 1975
0 
0 
0 
0 
1 4485
1 309
1 503
1 1516
1 2246
0 
1 3024
0 
0 
1 1165
2 1872 3935
3 580 2000 4570
0 
1 565
1 3562
1 2897
0 
1 3784
0 
0 
0 
0 
0 
0 
0 
0 
0 
2 2335 3414
0 
0 
0 
0 
1 1364
0 
0 
0 
3 1488 3600 3631
0 
0 
0 
0 
0 
1 13
1 1195
0 
0 
0 
0 
0 
0 
0 
0 
1 4039
0 
0 
0 
1 4119
0 
0 
0 
0 
0 
0 
0 
0 
0 
0 
0 
1 1723
0 
0 
0 
1 659
0 
1 684
0 
0 
0 
1 4389
0 
1 4574
0 
0 
0 
0 
1 2583
0 
0 
1 4941
0 
2 2758 3992
0 
0 
1 3319
0 
0 
0 
0 
0 
1 3853
1 2890
0 
0 
0 
0 
0 
0 
0 
0 
0 
0 
0 
0 
2 1669 2098
0 
0 
0 
0 
0 
0 
0 
0 
1 4866
1 1150
0 
0 
1 2301
0 
1 2337
1 1453
0 
0 
0 
0 
0 
0 
1 1600
0 
1 1999
0 
0 
0 
0 
0 
0 
0 
0 
0 
0 
0 
1 4343
0 
0 
0 
1 1256
2 2471 5371
0 
0 
0 
0 
0 
0 
1 5040
2 497 5486
0 
0 
0 
0 
0 
0 
1 1068
0 
0 
0 
0 
1 1314
0 
0 
1 2713
0 
0 
0 
0 
0 
0 
0 
0 
0 
0 
0 
1 2243
0 
0 
0 
0 
0 
1 4980
0 
0 
0 
1 3362
0 
0 
0 
2 529 2253
1 881
1 2792
0 
0 
0 
0 
0 
0 
0 
0 
0 
0 
1 4633
1 4956
0 
0 
1 4905
0 
0 
0 
0 
0 
0 
0 
1 4179
0 
0 
0 
1 3289
0 
0 
0 
1 4918
0 
0 
0 
0 
0 
0 
0 
1 1725
1 4757
0 
1 1994
0 
1 3617
1 148
0 
0 
0 
0 
0 
0 
0 
0 
0 
0 
0 
1 81
0 
0 
0 
0 
2 417 4320
6 900 1968 2004 3089 3783 4433
0 
0 
0 
0 
0 
0 
2 3866 4794
0 
0 
0 
0 
0 
0 
1 1014
0 
0 
0 
0 
2 4576 5507
0 
0 
0 
1 4087
1 100
2 2883 2886
0 
0 
0 
1 1837
0 
0 
1 636
0 
3 1234 2909 5437
0 
0 
1 777
1 3587
0 
0 
0 
2 1816 2413
0 
2 142 1622
4 664 2561 2868 3725
0 
1 2155
0 
0 
0 
0 
0 
0 
0 
0 
1 1373
0 
0 
0 
0 
1 1866
0 
0 
0 
0 
0 
0 
0 
1 3891
0 
2 3087 3963
2 2250 2712
0 
0 
0 
0 
1 2543
0 
0 
0 
0 
0 
0 
0 
2 2028 5369
0 
1 2957
0 
0 
0 
0 
0 
0 
0 
0 
2 351 4976
0 
0 
0 
0 
1 920
0 
0 
1 513
0 
0 
0 
0 
0 
0 
0 
0 
0 
0 
0 
0 
0 
1 779
0 
0 
0 
1 2810
0 
0 
1 4560
0 
0 
0 
0 
0 
0 
0 
2 743 4021
0 
0 
3 1215 1226 3687
0 
0 
1 2617
1 817
0 
0 
2 365 1917
2 72 5137
0 
1 4730
0 
1 3651
0 
0 
0 
0 
0 
0 
0 
0 
0 
0 
1 5086
0 
1 1147
0 
0 
0 
0 
1 4181
0 
0 
1 3273
1 689
0 
0 
1 4435
0 
0 
0 
1 441
0 
0 
0 
1 1498
0 
0 
0 
0 
0 
0 
1 2161
0 
1 2152
1 4068
0 
0 
0 
0 
1 1987
0 
0 
0 
1 1317
0 
0 
0 
0 
0 
0 
0 
0 
0 
0 
0 
0 
0 
0 
0 
1 2997
0 
1 4101
0 
0 
1 1232
0 
0 
0 
1 2884
0 
0 
0 
0 
0 
1 4641
0 
0 
0 
0 
2 3582 4223
0 
1 3906
0 
0 
2 121 4936
0 
0 
0 
1 3514
0 
0 
0 
0 
0 
0 
0 
1 2423
0 
0 
0 
1 3704
1 1137
0 
0 
1 5421
2 2081 2772
0 
0 
0 
1 2311
0 
0 
0 
0 
0 
0 
0 
1 2323
0 
0 
0 
0 
1 5546
0 
0 
0 
0 
1 1748
2 177 3626
0 
0 
0 
0 
0 
0 
0 
3 596 646 3374
0 
1 3870
2 1330 2392
0 
1 2008
0 
0 
0 
1 1734
2 2946 5534
0 
0 
1 554
0 
0 
0 
0 
3 2202 3718 3827
1 703
0 
0 
0 
2 4789 4816
0 
0 
0 
0 
1 3847
0 
0 
0 
0 
0 
0 
0 
0 
0 
0 
0 
0 
0 
0 
0 
0 
0 
0 
1 585
1 3650
0 
0 
0 
0 
1 2598
1 648
0 
0 
3 205 1706 3049
0 
1 20
1 2602
1 39
1 1583
0 
0 
0 
0 
1 2453
0 
0 
0 
0 
0 
0 
0 
1 3569
0 
0 
0 
1 3324
0 
1 3372
0 
0 
0 
0 
1 3884
0 
0 
0 
0 
0 
0 
1 5413
0 
1 2198
0 
1 2926
0 
0 
0 
0 
0 
0 
1 962
1 5432
0 
0 
0 
0 
0 
0 
0 
0 
0 
1 5527
0 
1 566
0 
0 
0 
0 
0 
0 
0 
0 
0 
1 3207
0 
0 
3 141 795 4367
0 
0 
0 
0 
0 
1 4018
0 
0 
1 3248
0 
0 
1 101
0 
0 
0 
0 
1 2572
0 
0 
0 
1 5181
1 2694
0 
0 
0 
0 
0 
1 1904
0 
1 2558
1 3184
0 
0 
0 
0 
2 64 2401
0 
0 
1 3642
2 2128 3951
0 
0 
0 
0 
0 
0 
2 759 4325
1 3857
1 3052
0 
0 
0 
0 
1 2532
1 878
0 
0 
0 
0 
0 
0 
0 
0 
1 442
0 
0 
0 
1 4810
0 
3 2364 4267 4876
1 1309
0 
0 
0 
0 
1 4284
2 1567 3317
1 3133
1 1633
1 970
0 
3 1552 3788 3802
1 4513
1 852
1 2822
0 
0 
0 
0 
0 
0 
0 
0 
0 
0 
1 2203
0 
0 
0 
0 
0 
0 
1 3826
0 
0 
1 2563
0 
0 
1 3965
1 4430
0 
2 514 3371
0 
0 
0 
1 5523
1 4086
1 2225
1 5495
1 5313
0 
0 
1 178
1 1581
1 839
1 2384
0 
0 
2 25 366
2 701 5287
0 
1 2818
0 
0 
0 
0 
1 2601
0 
1 4447
1 4058
0 
0 
0 
0 
1 4934
0 
2 3034 4505
0 
0 
1 1062
0 
0 
0 
0 
1 4042
0 
0 
0 
1 4112
0 
0 
0 
0 
1 3361
4 1065 1307 1526 4383
0 
0 
0 
0 
0 
0 
0 
0 
0 
0 
0 
0 
2 2550 3613
0 
0 
0 
1 824
0 
0 
0 
0 
1 4486
0 
1 4177
1 1913
1 4697
1 3939
0 
1 1295
1 2555
0 
0 
0 
1 4273
0 
0 
0 
0 
0 
1 3968
0 
0 
0 
0 
2 1569 1950
0 
0 
0 
0 
2 4946 5520
1 5074
0 
0 
0 
1 2855
0 
0 
0 
0 
0 
1 3251
0 
1 4336
1 1506
0 
0 
0 
0 
0 
1 1792
2 1060 3433
0 
0 
1 1018
0 
0 
0 
0 
0 
1 1199
0 
1 1763
0 
1 2885
0 
1 4374
0 
0 
0 
0 
0 
1 4635
0 
0 
0 
0 
0 
0 
0 
0 
0 
0 
0 
1 3397
0 
1 1538
2 3417 5141
0 
0 
0 
2 4081 5153
0 
0 
0 
0 
0 
0 
0 
0 
0 
1 1072
1 3836
0 
0 
0 
1 5180
0 
1 1853
1 2823
1 2110
0 
1 5316
2 4595 4667
0 
0 
0 
0 
0 
1 1801
1 5470
0 
1 3100
0 
0 
0 
0 
0 
0 
0 
1 248
0 
0 
1 1825
0 
0 
0 
0 
0 
2 2108 4438
1 3991
0 
1 3144
0 
1 730
1 4875
0 
0 
0 
1 2298
0 
0 
0 
0 
0 
1 5388
0 
0 
0 
0 
2 53 3341
0 
0 
1 780
0 
0 
0 
0 
0 
1 1214
0 
0 
2 2129 3096
0 
0 
1 4677
1 3624
0 
0 
0 
0 
1 832
0 
0 
1 1007
0 
0 
0 
1 409
0 
0 
0 
0 
3 162 2901 3318
0 
1 4732
0 
0 
0 
0 
1 2404
0 
1 1744
1 5281
0 
2 4288 5460
0 
0 
0 
0 
0 
0 
2 1504 3565
0 
0 
0 
0 
0 
0 
0 
0 
0 
0 
1 710
0 
0 
0 
0 
0 
0 
1 2754
0 
0 
0 
0 
2 1889 3225
0 
1 4341
0 
0 
0 
2 3577 5090
0 
1 3077
1 2612
1 4065
0 
0 
1 2697
1 3168
0 
0 
0 
0 
0 
0 
0 
0 
0 
1 2718
0 
0 
0 
1 5152
0 
0 
1 1988
0 
2 1056 4432
0 
0 
0 
0 
1 2176
0 
1 3715
0 
1 2204
0 
0 
0 
0 
0 
0 
1 169
0 
0 
1 609
0 
2 4195 4855
0 
0 
3 3759 4714 4942
0 
0 
0 
0 
0 
1 2825
0 
0 
0 
0 
0 
1 5007
0 
0 
0 
1 4261
0 
0 
0 
0 
1 2076
0 
0 
0 
0 
1 1572
1 3751
0 
0 
0 
0 
1 3380
0 
0 
0 
0 
1 1136
0 
0 
0 
0 
0 
0 
0 
0 
0 
0 
0 
0 
0 
0 
1 3846
0 
0 
0 
0 
1 3535
1 3088
0 
0 
0 
1 358
0 
1 3969
0 
0 
0 
0 
0 
0 
0 
0 
0 
2 3235 3666
0 
0 
1 4885
0 
0 
0 
0 
0 
0 
0 
0 
1 3072
0 
1 277
0 
3 763 1985 4986
0 
0 
0 
0 
0 
0 
1 98
0 
0 
2 2074 4963
0 
1 138
0 
0 
0 
0 
0 
0 
0 
0 
0 
1 2567
2 1316 3178
1 4212
0 
0 
0 
0 
0 
0 
0 
0 
0 
0 
1 4469
0 
4 2433 3627 4092 5469
0 
1 3917
0 
0 
0 
0 
0 
0 
1 4766
0 
0 
0 
0 
0 
0 
0 
0 
0 
0 
0 
0 
0 
1 167
0 
0 
0 
0 
0 
0 
0 
0 
1 3745
1 196
0 
0 
1 738
2 2183 5473
0 
0 
0 
0 
0 
0 
1 4170
0 
0 
1 4483
0 
0 
0 
1 3480
0 
0 
0 
1 1798
0 
0 
0 
2 241 2383
0 
1 2701
0 
0 
0 
0 
0 
0 
1 804
0 
0 
0 
0 
1 903
1 4948
0 
3 657 1474 4375
1 5344
1 2991
0 
0 
1 3555
0 
0 
0 
0 
0 
0 
1 942
2 2507 4315
0 
0 
0 
0 
0 
1 5288
0 
0 
0 
2 3224 4026
1 5455
1 1500
1 1548
0 
1 1046
0 
0 
0 
0 
3 905 1482 2944
0 
0 
1 2791
1 1093
0 
1 4970
0 
0 
0 
0 
0 
0 
0 
0 
0 
3 530 2231 4110
1 4440
0 
2 551 1909
0 
1 5163
0 
0 
0 
1 5213
0 
0 
0 
0 
0 
0 
0 
0 
0 
0 
2 1168 2455
1 2069
1 594
1 4512
0 
0 
1 4225
0 
0 
0 
1 2054
0 
1 3573
1 5340
0 
0 
0 
0 
0 
0 
0 
0 
1 1671
0 
0 
1 2450
0 
0 
1 4158
0 
0 
0 
0 
0 
1 2169
1 3932
0 
1 5378
0 
1 5348
0 
0 
0 
1 1197
0 
2 347 770
0 
0 
2 402 4565
0 
0 
0 
1 3498
0 
2 1961 3911
0 
0 
0 
0 
0 
0 
0 
0 
0 
0 
0 
0 
0 
0 
0 
0 
1 2158
0 
0 
0 
0 
0 
0 
0 
2 1280 1670
0 
0 
2 475 5202
0 
1 478
0 
0 
0 
0 
1 3895
1 3897
0 
0 
0 
0 
0 
0 
0 
0 
0 
0 
0 
1 831
0 
0 
1 758
0 
1 1304
0 
1 1118
1 2277
0 
0 
0 
0 
0 
0 
1 2556
0 
0 
0 
0 
1 2839
0 
1 695
0 
0 
0 
0 
0 
0 
1 2972
0 
2 2282 4775
1 4648
1 5370
0 
0 
1 1430
0 
0 
0 
1 1618
0 
0 
0 
0 
0 
1 419
0 
0 
0 
0 
0 
0 
0 
0 
0 
0 
1 3962
3 3172 3512 3711
1 1263
0 
0 
1 2950
1 808
0 
0 
0 
0 
1 1856
1 5215
0 
0 
0 
0 
0 
1 1211
3 404 1905 2553
0 
0 
0 
1 1596
0 
0 
0 
0 
0 
0 
0 
0 
0 
0 
0 
1 1157
0 
0 
0 
0 
0 
0 
0 
0 
0 
0 
0 
0 
0 
2 2878 4792
0 
0 
0 
0 
0 
3 2955 3252 3486
0 
0 
2 2672 2794
2 2437 2510
0 
0 
0 
0 
0 
0 
1 4945
0 
0 
0 
0 
0 
0 
0 
1 3270
0 
0 
0 
0 
1 528
0 
0 
0 
0 
2 641 1608
0 
0 
1 5513
0 
0 
0 
0 
0 
0 
0 
0 
1 4937
1 1351
0 
0 
0 
0 
0 
0 
0 
1 5098
0 
1 2374
0 
0 
0 
0 
0 
0 
0 
0 
0 
0 
0 
0 
0 
0 
1 5379
3 837 2085 5417
0 
0 
0 
0 
0 
0 
0 
0 
1 854
1 5243
0 
1 4703
0 
1 1942
1 1621
0 
0 
0 
0 
0 
0 
0 
0 
0 
1 5082
0 
0 
0 
0 
0 
1 2826
0 
1 4029
2 3986 4768
0 
2 1561 2490
1 3462
0 
0 
2 4479 4781
0 
0 
0 
0 
0 
0 
0 
0 
1 3345
0 
0 
0 
0 
0 
1 3632
0 
1 2740
0 
0 
0 
0 
1 230
0 
0 
0 
1 5088
0 
0 
1 2280
1 1067
0 
0 
0 
0 
1 4773
0 
0 
2 1462 3970
0 
0 
0 
0 
0 
0 
1 1525
0 
0 
2 2442 4327
0 
0 
0 
1 5034
0 
0 
0 
0 
1 4984
0 
0 
0 
0 
0 
1 963
0 
1 3660
0 
0 
0 
0 
0 
0 
0 
3 56 790 4424
0 
0 
0 
1 1084
1 5245
0 
0 
0 
0 
0 
0 
0 
0 
0 
0 
0 
0 
0 
0 
1 1710
0 
1 4202
1 5009
0 
0 
1 3240
0 
0 
1 567
0 
0 
0 
0 
0 
1 1824
0 
0 
1 5145
0 
0 
0 
1 3141
0 
0 
0 
0 
0 
0 
0 
1 171
1 3212
2 1095 2864
0 
0 
0 
0 
0 
0 
0 
0 
0 
0 
0 
0 
0 
0 
0 
1 1265
0 
0 
0 
0 
0 
0 
0 
0 
0 
1 5219
0 
0 
1 2846
0 
2 35 2671
1 1910
0 
0 
0 
0 
0 
0 
0 
1 5263
1 3560
1 1938
1 1531
0 
1 284
0 
1 4324
0 
0 
2 3685 5286
0 
0 
0 
1 3898
0 
0 
0 
2 456 3012
0 
0 
1 5458
0 
1 3075
0 
0 
0 
1 956
0 
0 
0 
0 
0 
0 
0 
0 
0 
2 1477 3568
0 
0 
0 
0 
0 
0 
1 663
1 1327
1 4991
0 
0 
0 
0 
0 
0 
0 
1 5041
0 
0 
0 
0 
0 
0 
0 
0 
0 
0 
1 3189
0 
0 
0 
0 
1 473
0 
0 
0 
0 
0 
0 
0 
0 
0 
0 
0 
0 
0 
1 2445
1 5268
2 827 2726
1 2233
0 
0 
0 
0 
0 
1 4037
0 
0 
0 
0 
0 
4 2646 4687 4851 5335
0 
1 2626
0 
0 
1 343
2 147 2053
0 
0 
1 3773
0 
0 
0 
1 4302
0 
1 2702
1 1514
0 
1 2986
0 
0 
1 1438
0 
0 
0 
0 
0 
1 3010
0 
1 3478
0 
0 
0 
0 
0 
0 
0 
0 
0 
0 
0 
0 
0 
0 
1 1361
0 
1 531
0 
0 
0 
2 1673 5093
0 
2 2378 2756
0 
0 
0 
1 1772
0 
0 
0 
0 
0 
0 
0 
0 
1 2160
0 
0 
0 
0 
0 
1 3760
1 4518
0 
0 
0 
0 
0 
0 
0 
0 
0 
1 798
0 
0 
1 174
0 
1 5296
0 
0 
0 
0 
0 
0 
1 271
1 1517
0 
2 2717 4591
1 3692
0 
0 
1 2659
1 894
2 2898 5111
0 
0 
0 
0 
0 
0 
1 1783
0 
0 
0 
1 5426
1 4987
0 
0 
1 4578
1 2249
0 
0 
2 3823 5115
1 4643
0 
1 2615
0 
1 249
0 
0 
0 
0 
1 4990
0 
1 66
0 
0 
0 
0 
0 
0 
0 
1 1184
0 
1 1998
1 4259
0 
0 
0 
0 
0 
0 
0 
0 
0 
0 
0 
0 
1 977
1 4256
1 3532
0 
1 767
0 
1 704
0 
0 
0 
1 1787
1 932
0 
0 
0 
0 
0 
0 
0 
1 4845
1 484
0 
0 
0 
0 
1 716
2 2516 4995
1 2321
0 
2 1674 3530
0 
0 
1 2245
0 
0 
0 
0 
0 
0 
1 1993
0 
0 
0 
1 496
0 
0 
1 676
0 
1 1161
1 3966
0 
0 
0 
0 
0 
2 3602 4614
0 
0 
1 5474
0 
0 
0 
0 
0 
0 
1 1205
0 
2 1584 3608
0 
0 
0 
0 
0 
1 746
0 
0 
0 
0 
0 
1 3468
0 
0 
1 1535
0 
0 
0 
1 1685
0 
0 
1 3176
1 2177
0 
0 
0 
0 
0 
0 
0 
0 
0 
1 5252
0 
1 4279
0 
0 
2 2931 3112
0 
0 
0 
0 
1 1558
0 
0 
1 298
0 
0 
0 
0 
0 
1 4237
0 
1 1794
0 
0 
0 
0 
1 2877
0 
0 
0 
0 
0 
1 883
0 
0 
1 4600
0 
1 2775
0 
0 
0 
2 1524 3115
0 
1 2743
1 2581
0 
0 
0 
1 323
0 
0 
0 
1 4041
0 
1 605
0 
1 1399
0 
0 
0 
1 2739
1 2918
1 5210
0 
2 2348 2375
1 3283
0 
0 
0 
0 
1 2408
1 259
0 
0 
0 
1 5193
0 
0 
0 
1 3885
1 5232
0 
0 
0 
0 
1 4471
0 
1 2506
0 
0 
0 
0 
0 
0 
0 
0 
1 4877
1 3125
0 
0 
0 
0 
0 
0 
0 
0 
0 
0 
0 
1 263
1 4251
1 1881
0 
0 
1 3314
0 
0 
0 
0 
1 4919
0 
0 
0 
1 5415
0 
0 
0 
2 674 1863
0 
0 
0 
0 
2 880 4511
1 4748
0 
0 
0 
1 5516
0 
0 
0 
1 3578
0 
2 521 3321
0 
1 3463
0 
1 261
1 3121
0 
0 
0 
0 
1 5305
1 3990
1 1374
0 
0 
0 
0 
0 
0 
0 
1 4712
0 
0 
0 
0 
0 
0 
0 
1 4045
0 
1 3570
0 
0 
0 
0 
0 
0 
0 
0 
1 2194
0 
0 
0 
0 
0 
1 1229
0 
0 
0 
0 
0 
0 
0 
0 
0 
0 
0 
0 
0 
0 
0 
0 
0 
1 4006
0 
2 1575 2534
1 6
0 
0 
0 
0 
2 2693 5089
1 1731
1 303
0 
0 
0 
0 
0 
0 
0 
0 
0 
0 
0 
0 
0 
0 
0 
2 986 2628
0 
0 
0 
2 1879 2305
0 
1 1686
0 
1 5109
0 
1 2744
0 
0 
1 680
0 
0 
0 
0 
0 
0 
0 
1 671
1 3710
0 
0 
0 
2 4501 4891
0 
1 2611
0 
7 848 2835 3198 3869 4272 4330 4717
0 
0 
0 
0 
0 
0 
0 
1 4647
0 
0 
0 
0 
1 4588
1 1533
0 
1 5481
0 
1 1233
0 
1 2988
0 
0 
0 
0 
0 
0 
0 
1 3915
0 
1 2779
0 
0 
0 
0 
0 
1 1638
0 
0 
0 
1 2903
0 
0 
0 
1 3742
0 
0 
0 
0 
1 5533
0 
1 4167
2 2725 5293
1 2731
2 1300 1480
0 
0 
0 
0 
0 
0 
2 440 4305
0 
0 
0 
0 
0 
0 
0 
0 
0 
1 2338
0 
1 4615
0 
1 1337
0 
0 
0 
0 
0 
0 
0 
0 
0 
0 
0 
0 
0 
0 
0 
0 
0 
0 
0 
1 3873
0 
0 
0 
0 
0 
2 628 1761
0 
0 
0 
0 
0 
0 
0 
0 
0 
0 
0 
0 
0 
0 
0 
1 2226
0 
0 
0 
0 
0 
0 
0 
0 
0 
2 1727 4619
0 
0 
0 
0 
0 
0 
0 
1 131
0 
0 
0 
2 2902 4666
0 
0 
0 
0 
0 
0 
0 
0 
0 
1 3689
0 
0 
0 
0 
0 
0 
0 
1 840
0 
1 4239
0 
0 
0 
0 
0 
0 
1 5158
0 
1 5398
0 
0 
0 
0 
1 5467
0 
1 3323
1 1243
1 3218
1 3274
0 
2 356 2604
0 
0 
0 
0 
1 4405
0 
0 
0 
0 
0 
0 
0 
0 
0 
0 
0 
0 
2 2153 5302
0 
0 
0 
0 
1 2793
0 
0 
0 
0 
0 
0 
0 
1 1657
0 
0 
0 
0 
0 
0 
0 
0 
0 
0 
1 3727
0 
0 
0 
0 
0 
0 
0 
1 1027
0 
0 
0 
0 
2 3476 5545
0 
0 
0 
0 
1 1096
2 3180 4704
1 4166
0 
0 
3 2533 3229 4190
0 
1 1721
0 
0 
0 
1 4321
0 
0 
1 4207
0 
0 
1 1324
2 1204 4500
1 2763
1 1746
0 
1 4917
0 
0 
1 4007
0 
2 4060 5092
0 
0 
2 3705 5468
1 2879
0 
1 3644
0 
0 
1 4561
0 
1 3912
0 
2 2281 2990
0 
0 
0 
0 
0 
0 
0 
0 
1 1125
1 3782
1 2230
0 
0 
0 
0 
1 4993
0 
1 4152
1 2774
0 
0 
1 4451
1 1262
0 
0 
0 
1 1709
0 
0 
0 
0 
0 
0 
0 
0 
0 
1 5512
0 
0 
0 
0 
0 
0 
0 
0 
1 697
0 
1 3085
1 5061
0 
0 
0 
0 
0 
0 
1 1154
1 1253
0 
1 1058
0 
0 
0 
1 5129
0 
0 
1 1389
1 828
0 
1 4686
1 1055
0 
1 341
1 4146
0 
0 
1 1677
0 
0 
0 
0 
1 3619
0 
0 
1 499
0 
1 2536
0 
0 
0 
0 
0 
1 4426
1 77
0 
0 
0 
2 172 830
0 
0 
1 656
0 
1 909
0 
0 
0 
0 
0 
0 
0 
0 
1 5359
0 
1 2933
0 
0 
0 
0 
0 
0 
1 4965
0 
1 2014
0 
0 
0 
1 1418
0 
1 5229
1 3855
1 1413
0 
0 
0 
0 
0 
0 
1 670
0 
0 
1 4829
0 
2 1859 5006
1 3918
0 
0 
0 
0 
0 
0 
0 
0 
0 
0 
0 
0 
1 2674
0 
0 
1 3984
0 
0 
0 
0 
0 
1 849
0 
0 
0 
1 321
0 
0 
0 
0 
0 
0 
1 2315
0 
0 
0 
0 
0 
1 1781
0 
0 
0 
0 
0 
0 
0 
1 3255
0 
1 4193
0 
0 
0 
0 
0 
0 
1 5049
0 
0 
0 
0 
0 
0 
0 
0 
0 
0 
0 
0 
0 
0 
1 4108
0 
1 591
0 
0 
2 847 4416
0 
0 
1 2574
0 
0 
2 1241 5264
0 
0 
0 
0 
1 1450
0 
0 
0 
1 2742
1 4069
0 
0 
1 1661
0 
0 
0 
1 4123
0 
0 
0 
2 539 1140
0 
0 
0 
1 546
1 5149
0 
0 
2 1690 3483
0 
0 
0 
0 
0 
0 
0 
1 1404
1 1573
0 
2 373 1789
0 
0 
0 
0 
0 
0 
1 2009
0 
0 
1 4262
0 
1 1977
0 
0 
0 
0 
0 
0 
2 1842 2708
0 
0 
1 615
0 
0 
1 1911
0 
0 
1 4048
0 
0 
1 2258
0 
0 
0 
0 
0 
0 
1 3067
0 
0 
0 
1 2211
0 
0 
0 
1 383
0 
0 
1 1180
0 
0 
0 
0 
1 3061
0 
0 
0 
1 3165
0 
0 
0 
0 
0 
0 
0 
0 
1 3967
1 2138
0 
1 2953
1 2707
0 
0 
2 4034 4952
0 
0 
0 
0 
0 
0 
0 
0 
1 5143
0 
0 
0 
1 4102
1 4356
0 
3 223 2006 3405
1 665
0 
2 1305 1741
1 4280
0 
0 
0 
2 2616 3801
0 
0 
0 
0 
0 
0 
0 
0 
0 
1 2419
0 
0 
0 
0 
0 
0 
0 
0 
1 5017
1 3048
1 792
0 
0 
0 
1 368
1 4203
0 
0 
0 
0 
1 4562
0 
0 
0 
0 
0 
0 
0 
0 
0 
0 
0 
0 
0 
1 3062
1 4523
0 
0 
0 
0 
1 2314
1 3143
1 2410
0 
0 
0 
0 
0 
0 
0 
0 
0 
0 
0 
0 
0 
1 1833
0 
0 
0 
0 
0 
0 
0 
0 
0 
0 
0 
0 
1 474
0 
0 
4 1672 1940 4233 5427
1 415
0 
0 
0 
0 
0 
0 
0 
0 
0 
0 
0 
0 
0 
0 
0 
2 1036 4287
1 3777
1 2223
0 
0 
1 3053
0 
0 
0 
0 
0 
0 
0 
0 
0 
0 
0 
0 
0 
0 
0 
0 
0 
0 
0 
0 
0 
0 
0 
0 
2 4216 5208
0 
0 
1 1159
0 
2 164 2371
0 
0 
1 3091
1 4627
1 2820
0 
0 
0 
0 
2 3553 4094
0 
0 
0 
0 
0 
0 
0 
2 2834 4344
0 
0 
0 
1 5376
0 
1 841
0 
0 
0 
0 
0 
0 
0 
0 
1 3250
0 
0 
0 
0 
0 
0 
0 
0 
0 
0 
0 
0 
1 740
0 
0 
0 
0 
0 
0 
0 
2 1435 1682
0 
0 
0 
0 
0 
0 
0 
1 3892
0 
1 4153
0 
0 
1 3164
0 
0 
2 1298 2824
0 
0 
0 
0 
0 
1 3504
0 
0 
0 
0 
0 
1 3645
0 
0 
0 
0 
1 2342
0 
0 
1 5377
0 
0 
0 
0 
2 463 1753
0 
1 2045
1 3957
0 
0 
0 
1 4998
0 
0 
0 
1 3781
0 
1 2730
0 
0 
1 1550
0 
0 
0 
0 
0 
1 4072
0 
0 
0 
0 
0 
0 
0 
1 2287
0 
0 
1 3364
2 635 4012
0 
0 
1 2780
0 
0 
0 
1 1470
0 
0 
0 
0 
1 370
0 
0 
0 
0 
2 1386 5235
0 
1 1971
0 
0 
2 3954 5238
0 
0 
1 1624
0 
0 
0 
0 
0 
0 
0 
1 338
0 
1 4981
1 4533
0 
2 782 1255
1 2948
1 757
0 
0 
0 
0 
0 
1 4752
0 
2 1541 2920
0 
0 
0 
2 4208 4596
0 
1 1846
0 
0 
0 
0 
2 655 3131
0 
0 
1 2261
0 
0 
0 
0 
0 
0 
1 5021
0 
0 
0 
0 
0 
0 
0 
1 919
0 
1 5463
0 
0 
0 
0 
0 
0 
1 1359
0 
0 
1 1247
0 
0 
0 
0 
1 472
0 
0 
0 
1 2670
0 
0 
2 1963 3596
0 
0 
1 1004
0 
0 
1 3837
0 
0 
0 
0 
0 
0 
0 
0 
0 
0 
1 3120
0 
0 
1 5078
0 
0 
0 
1 4639
0 
0 
0 
0 
0 
2 2331 5059
0 
0 
0 
0 
1 420
0 
2 48 104
0 
0 
0 
0 
0 
1 2150
2 3342 5312
0 
0 
0 
0 
0 
0 
0 
0 
0 
0 
1 3907
0 
0 
1 394
0 
0 
0 
0 
0 
0 
0 
0 
0 
0 
0 
0 
1 4896
0 
0 
0 
0 
0 
0 
1 3138
0 
0 
0 
0 
0 
0 
0 
0 
0 
0 
0 
0 
1 4959
0 
0 
0 
0 
0 
0 
0 
0 
0 
0 
0 
0 
1 3344
0 
0 
0 
0 
0 
0 
0 
1 5479
0 
0 
0 
2 127 2215
0 
0 
1 4503
0 
0 
0 
0 
0 
1 232
0 
0 
0 
0 
0 
0 
0 
0 
0 
1 1900
0 
0 
0 
0 
1 736
1 4399
0 
0 
0 
0 
0 
0 
0 
0 
0 
0 
0 
0 
0 
0 
0 
0 
0 
2 438 3450
1 1851
0 
0 
0 
0 
0 
0 
0 
3 821 3972 3979
0 
1 3284
0 
0 
0 
0 
1 858
0 
0 
0 
0 
2 83 1931
1 2472
1 5439
0 
0 
0 
0 
0 
1 4066
1 2089
0 
0 
0 
1 735
0 
0 
1 721
1 1076
1 3409
0 
0 
2 160 5403
0 
1 4038
0 
0 
0 
0 
0 
0 
0 
0 
2 387 4551
0 
0 
1 2479
0 
0 
0 
0 
2 3009 3302
0 
0 
1 1876
0 
0 
0 
1 4277
0 
0 
0 
0 
1 3946
0 
0 
1 4827
0 
1 432
0 
0 
1 3029
1 1595
0 
0 
0 
0 
0 
0 
1 1235
0 
0 
0 
0 
0 
1 3983
0 
0 
1 4695
0 
1 5068
1 5116
0 
0 
1 622
0 
1 3795
0 
1 5175
0 
0 
0 
0 
1 3999
0 
0 
0 
0 
0 
2 364 1958
0 
0 
0 
1 1286
0 
0 
0 
2 861 5031
0 
0 
1 4738
0 
0 
2 4733 5375
0 
0 
1 5053
0 
0 
0 
0 
1 5457
0 
0 
0 
0 
0 
1 5292
0 
0 
0 
0 
0 
0 
0 
0 
1 5156
0 
0 
1 4786
0 
0 
0 
0 
1 1143
0 
2 2262 5304
0 
0 
0 
0 
0 
1 4260
0 
0 
0 
0 
0 
0 
0 
0 
0 
0 
2 1858 5191
0 
0 
0 
1 4163
0 
1 3589
0 
0 
0 
0 
0 
0 
0 
1 2381
0 
0 
0 
0 
0 
0 
0 
0 
0 
0 
0 
0 
1 5278
0 
0 
0 
0 
0 
1 67
0 
0 
0 
0 
0 
0 
0 
0 
0 
0 
2 2121 3770
0 
0 
0 
1 235
0 
0 
0 
0 
0 
0 
0 
0 
1 3670
0 
0 
1 3056
1 2831
1 3676
0 
0 
1 4296
1 2263
0 
0 
0 
1 3871
0 
0 
0 
0 
0 
0 
1 3890
3 2052 5269 5280
0 
1 2299
1 918
0 
0 
0 
0 
0 
0 
1 4605
0 
0 
1 286
0 
3 297 1491 3407
0 
0 
1 3764
0 
0 
0 
0 
0 
0 
0 
0 
1 4669
0 
1 1914
1 2715
0 
0 
0 
1 236
0 
0 
1 1371
1 1102
0 
0 
0 
0 
0 
1 4842
1 3233
0 
0 
0 
0 
0 
0 
2 2929 4093
2 1861 2426
0 
0 
0 
0 
0 
0 
0 
0 
0 
0 
0 
1 2500
0 
0 
0 
0 
0 
0 
1 2431
0 
1 543
1 418
1 2845
0 
0 
0 
0 
0 
0 
1 4030
0 
0 
1 3683
0 
0 
0 
0 
0 
0 
0 
0 
0 
0 
0 
0 
0 
1 816
0 
0 
0 
0 
1 5148
0 
0 
0 
0 
0 
0 
0 
1 1854
0 
0 
0 
0 
0 
0 
1 4414
0 
0 
0 
0 
0 
0 
1 1755
0 
0 
7 282 1273 1615 1683 1845 2264 3197
1 886
0 
0 
0 
0 
0 
0 
0 
0 
0 
0 
0 
1 2496
0 
0 
0 
1 2913
0 
0 
0 
1 374
0 
2 882 3779
0 
0 
1 5539
2 1611 5126
0 
0 
0 
1 2508
0 
1 193
0 
0 
0 
0 
1 245
0 
2 505 1002
0 
0 
0 
0 
0 
0 
0 
0 
1 3497
0 
0 
0 
0 
0 
0 
1 1943
1 5028
0 
0 
0 
6 1835 2850 3913 4563 4590 5532
1 3327
0 
1 2577
0 
0 
1 5382
0 
1 3265
0 
0 
0 
0 
0 
0 
1 5433
0 
0 
0 
0 
0 
0 
2 3447 3646
0 
1 3550
0 
0 
0 
0 
0 
0 
1 425
0 
0 
0 
0 
1 2356
0 
1 2162
0 
2 1094 2107
0 
0 
1 2407
0 
1 3228
0 
0 
0 
0 
0 
0 
1 910
0 
0 
0 
0 
0 
1 16
1 4270
0 
0 
0 
0 
1 3754
0 
1 945
1 4139
2 922 1149
0 
0 
0 
0 
0 
0 
0 
0 
0 
0 
0 
0 
1 3449
1 2284
0 
0 
0 
0 
0 
0 
0 
0 
1 4848
0 
1 3820
0 
0 
0 
0 
0 
0 
0 
0 
0 
0 
0 
0 
0 
0 
0 
0 
0 
0 
0 
0 
1 5067
0 
0 
0 
3 677 865 4890
0 
0 
0 
1 1182
0 
0 
1 2373
0 
0 
1 4283
0 
1 639
0 
0 
0 
1 4224
0 
0 
0 
1 1743
0 
0 
0 
0 
0 
0 
2 159 1707
0 
0 
1 584
0 
0 
0 
0 
1 1870
0 
0 
0 
0 
0 
0 
0 
0 
0 
0 
0 
0 
0 
0 
0 
0 
0 
0 
3 2084 3988 4400
0 
0 
0 
0 
1 1737
0 
0 
0 
0 
0 
0 
0 
0 
0 
0 
0 
0 
0 
0 
0 
0 
1 3387
0 
0 
1 1812
1 1759
0 
0 
0 
0 
2 3641 4478
0 
1 2657
1 929
0 
0 
0 
2 1629 4482
1 720
0 
0 
0 
0 
0 
0 
1 2515
0 
0 
0 
0 
0 
0 
0 
0 
0 
4 896 1559 1714 3404
0 
0 
0 
0 
0 
0 
0 
0 
0 
0 
0 
1 2417
0 
0 
0 
1 4977
0 
0 
0 
0 
0 
0 
0 
1 3210
1 1126
0 
1 5124
0 
0 
0 
0 
0 
0 
0 
0 
0 
0 
0 
0 
0 
0 
0 
0 
0 
0 
0 
0 
1 4464
0 
0 
1 1155
0 
0 
0 
0 
0 
0 
0 
1 3245
0 
0 
0 
0 
1 4689
0 
0 
0 
1 2044
0 
1 3516
0 
1 3520
1 4889
0 
1 372
0 
0 
0 
0 
1 4743
0 
0 
0 
0 
0 
0 
0 
0 
0 
1 3098
0 
0 
0 
0 
0 
0 
0 
0 
1 4308
0 
0 
1 76
0 
1 1651
0 
0 
0 
1 5326
1 1250
1 4164
0 
0 
0 
0 
1 2275
2 845 5393
1 4392
0 
1 2016
0 
0 
0 
0 
0 
1 4920
0 
1 1287
0 
0 
0 
0 
1 544
1 4348
0 
1 4201
1 1455
3 3851 4644 5332
0 
0 
0 
0 
0 
0 
0 
0 
1 1597
0 
0 
0 
1 350
1 5008
0 
0 
0 
0 
1 5146
0 
0 
0 
0 
1 4291
0 
0 
0 
1 1810
1 2789
0 
1 3703
0 
0 
0 
0 
0 
0 
0 
0 
0 
0 
0 
1 4290
1 2141
0 
0 
0 
0 
0 
0 
0 
1 1390
1 136
0 
0 
0 
0 
0 
0 
0 
0 
2 1750 4685
0 
0 
0 
0 
0 
1 5346
1 3236
0 
0 
0 
0 
0 
0 
0 
0 
3 4077 4867 4971
0 
0 
0 
2 1041 2952
1 3612
0 
1 2975
1 2441
1 5273
0 
0 
0 
0 
1 5440
0 
0 
2 3080 5251
0 
0 
0 
0 
2 2552 5396
0 
0 
0 
0 
0 
0 
0 
1 2399
0 
1 5397
0 
0 
0 
0 
0 
0 
0 
1 3538
0 
0 
0 
0 
0 
0 
0 
0 
0 
0 
0 
0 
0 
0 
0 
0 
0 
1 3068
0 
0 
0 
0 
0 
1 1820
0 
0 
1 5494
0 
0 
0 
0 
0 
0 
0 
0 
0 
0 
0 
0 
0 
0 
0 
0 
0 
0 
0 
0 
0 
0 
0 
0 
0 
0 
1 3756
2 2457 5364
0 
0 
0 
0 
0 
1 4470
1 3471
0 
0 
0 
0 
0 
0 
0 
1 5461
0 
0 
0 
0 
0 
0 
0 
0 
0 
0 
0 
0 
0 
0 
0 
0 
0 
0 
0 
0 
0 
0 
0 
0 
0 
0 
1 5324
0 
0 
0 
0 
0 
0 
0 
0 
0 
0 
0 
2 3310 4281
0 
2 2519 5075
1 146
1 1579
1 4824
0 
1 1489
0 
0 
0 
0 
0 
0 
0 
0 
1 4096
0 
1 1659
0 
0 
0 
0 
1 5185
0 
0 
0 
0 
0 
0 
0 
0 
0 
0 
1 2402
0 
1 4944
0 
0 
0 
0 
0 
1 4282
0 
0 
0 
0 
0 
0 
1 2043
0 
0 
1 2962
0 
1 2326
0 
0 
0 
0 
1 1221
1 924
0 
0 
0 
0 
0 
0 
0 
0 
0 
0 
0 
0 
0 
1 748
0 
0 
0 
0 
0 
0 
0 
0 
0 
0 
1 5171
1 2078
0 
0 
0 
0 
2 265 4850
0 
0 
0 
1 2312
0 
0 
0 
0 
0 
0 
0 
0 
1 4214
0 
0 
0 
1 1424
0 
0 
1 1807
1 188
1 1275
1 173
0 
0 
0 
1 3708
0 
0 
0 
1 3940
0 
1 4134
1 1628
0 
0 
0 
0 
0 
1 12
0 
0 
1 1202
0 
0 
0 
0 
0 
0 
0 
0 
0 
0 
0 
0 
1 4097
0 
2 2218 3943
0 
0 
0 
0 
1 2673
0 
0 
0 
0 
0 
0 
0 
0 
1 917
2 1485 1607
0 
0 
0 
0 
0 
0 
1 1030
0 
0 
0 
0 
0 
0 
1 4059
0 
0 
0 
0 
0 
0 
0 
0 
0 
0 
0 
0 
2 532 1384
0 
0 
1 301
0 
1 4410
2 2979 4909
0 
0 
0 
0 
1 953
0 
0 
0 
0 
0 
1 1738
0 
4 314 874 1285 4602
1 3399
2 2746 4555
1 4983
0 
0 
1 2190
1 335
0 
0 
0 
0 
1 143
0 
0 
0 
0 
0 
1 1200
0 
0 
0 
1 3203
0 
0 
0 
1 4950
0 
0 
1 4353
1 5385
0 
4 71 1057 1780 3678
1 24
1 5026
1 2807
0 
0 
1 4821
0 
0 
0 
0 
0 
0 
0 
0 
0 
2 3259 4700
1 2403
0 
0 
2 2465 3509
2 2236 2716
1 5365
0 
0 
0 
0 
1 3975
0 
0 
2 2895 4246
0 
0 
0 
1 5112
0 
0 
0 
0 
0 
0 
0 
0 
0 
0 
3 1054 2854 3158
0 
0 
0 
0 
1 1254
2 268 2002
0 
0 
0 
0 
0 
0 
0 
0 
0 
0 
1 4349
0 
0 
0 
0 
0 
1 4525
0 
1 4735
0 
0 
1 312
1 5349
0 
1 1308
0 
0 
1 4893
0 
1 2027
0 
0 
0 
0 
0 
1 4053
1 3894
1 2328
1 4530
0 
0 
0 
0 
0 
0 
0 
0 
1 3566
1 4609
0 
1 4118
0 
0 
1 3807
0 
0 
0 
0 
0 
1 1398
0 
0 
1 238
0 
0 
0 
1 2124
0 
0 
0 
0 
1 5173
0 
0 
0 
0 
0 
0 
0 
0 
0 
0 
0 
0 
1 4295
0 
0 
1 5407
0 
0 
0 
0 
0 
0 
0 
0 
0 
0 
1 1201
0 
0 
1 5414
1 1006
0 
0 
0 
0 
0 
1 3591
0 
1 2486
0 
0 
0 
0 
0 
0 
0 
0 
0 
0 
0 
0 
0 
0 
0 
1 581
0 
1 4473
0 
1 3634
0 
0 
1 1779
0 
0 
0 
1 4187
1 3649
0 
0 
0 
0 
0 
2 1918 3750
0 
2 542 2786
1 3517
0 
0 
0 
0 
1 4864
0 
0 
0 
0 
0 
0 
0 
0 
2 3501 4218
0 
2 592 4973
0 
1 1493
0 
0 
0 
0 
1 1428
0 
0 
0 
1 3346
0 
0 
0 
1 4140
0 
0 
0 
1 4314
0 
0 
0 
0 
0 
1 1623
0 
0 
0 
0 
0 
0 
0 
0 
0 
0 
0 
1 1944
0 
0 
0 
0 
0 
0 
0 
0 
1 4450
1 3778
0 
0 
0 
0 
0 
0 
1 2805
0 
1 3073
0 
0 
0 
1 2970
0 
0 
0 
1 5154
1 1301
0 
0 
0 
0 
0 
0 
0 
1 533
0 
0 
0 
0 
0 
0 
0 
1 371
0 
0 
0 
0 
0 
0 
0 
0 
0 
1 3301
0 
0 
0 
0 
0 
0 
0 
0 
0 
0 
1 3412
0 
0 
2 799 2143
0 
0 
2 823 2584
0 
0 
0 
0 
0 
1 1796
0 
0 
1 2682
0 
0 
0 
0 
0 
0 
0 
0 
0 
1 242
0 
1 930
0 
0 
0 
0 
0 
1 5436
0 
0 
0 
0 
0 
1 1119
0 
1 5361
0 
0 
1 1519
1 815
0 
0 
2 597 4583
0 
0 
0 
1 788
1 749
0 
0 
0 
0 
0 
0 
1 4051
0 
0 
0 
0 
0 
0 
0 
0 
0 
1 3945
1 4721
0 
0 
0 
1 2751
0 
0 
0 
0 
0 
0 
1 2325
1 5237
0 
0 
1 4921
0 
0 
0 
1 1459
1 2370
0 
1 3753
0 
0 
1 4011
0 
0 
0 
0 
0 
0 
0 
0 
0 
0 
0 
0 
0 
0 
0 
1 2981
0 
0 
2 1582 5399
1 3150
0 
0 
0 
1 3549
0 
0 
1 2934
1 176
0 
1 1340
1 1831
1 3223
0 
0 
1 2294
0 
0 
0 
0 
0 
0 
0 
2 1152 4289
0 
0 
0 
0 
0 
0 
0 
0 
0 
0 
0 
1 203
0 
0 
0 
1 1083
0 
0 
1 2798
0 
1 3001
0 
0 
0 
0 
0 
0 
0 
2 1540 4531
0 
0 
0 
0 
0 
0 
0 
0 
0 
0 
1 5239
0 
0 
0 
0 
0 
0 
0 
0 
0 
0 
0 
1 3664
0 
0 
0 
0 
0 
0 
0 
0 
0 
0 
1 3167
0 
1 1219
0 
0 
0 
0 
1 435
0 
1 125
0 
0 
0 
0 
0 
1 2119
0 
0 
0 
2 2501 3722
0 
0 
0 
1 179
0 
0 
1 5226
0 
0 
0 
0 
0 
0 
1 3499
0 
1 3434
0 
1 773
3 344 1151 2180
0 
0 
0 
0 
0 
1 4071
0 
0 
0 
0 
1 4249
1 4506
0 
0 
0 
0 
0 
0 
1 5350
0 
0 
1 1276
0 
1 61
0 
0 
0 
0 
0 
0 
0 
0 
2 3652 4585
1 1310
0 
1 2685
1 5331
0 
1 3032
1 801
0 
1 1456
0 
0 
3 1454 1528 3169
1 218
1 2024
0 
0 
3 864 5013 5502
0 
1 3350
0 
0 
1 3232
0 
0 
0 
1 5360
0 
0 
0 
0 
0 
0 
0 
0 
0 
0 
0 
0 
1 4548
0 
1 796
0 
0 
0 
0 
0 
0 
0 
0 
0 
0 
0 
0 
1 5179
1 856
0 
0 
1 3441
0 
1 4888
0 
0 
0 
0 
0 
2 5330 5535
0 
0 
0 
0 
0 
0 
0 
0 
2 466 3592
0 
1 1251
1 2908
0 
1 3633
1 102
0 
0 
0 
1 5015
0 
0 
0 
1 5373
0 
0 
2 3352 4556
3 2760 3563 3976
0 
0 
0 
1 4746
0 
0 
0 
0 
0 
1 1414
1 2900
0 
1 2391
2 2928 3312
0 
1 4091
1 2969
0 
0 
0 
0 
0 
0 
0 
0 
2 1857 2026
0 
0 
1 3469
0 
0 
0 
0 
0 
1 2635
0 
0 
0 
0 
0 
0 
1 1860
0 
0 
0 
0 
0 
0 
0 
0 
0 
0 
0 
0 
0 
0 
0 
0 
0 
1 569
0 
0 
0 
0 
0 
0 
0 
1 5345
0 
0 
1 4303
0 
0 
0 
0 
0 
1 210
1 2191
0 
0 
0 
0 
0 
1 260
0 
1 2066
1 455
1 936
1 3599
1 4869
1 1775
0 
0 
1 256
2 3690 5233
0 
0 
0 
0 
0 
0 
1 4442
0 
1 843
0 
1 1777
0 
0 
1 41
0 
0 
0 
0 
0 
1 4608
0 
0 
0 
2 1840 5381
0 
0 
1 1193
0 
0 
0 
0 
0 
0 
0 
0 
0 
1 3985
1 5343
0 
0 
0 
0 
0 
1 2527
0 
0 
2 2207 2273
0 
0 
0 
0 
0 
1 2139
0 
0 
0 
0 
0 
0 
0 
0 
1 2993
0 
0 
0 
0 
0 
0 
0 
1 4699
0 
1 1099
1 3601
0 
0 
1 411
0 
0 
0 
1 686
0 
0 
0 
0 
0 
1 2185
0 
0 
0 
1 1984
0 
0 
0 
0 
0 
0 
0 
0 
1 1290
1 4115
0 
0 
0 
0 
0 
0 
0 
0 
0 
0 
0 
2 1678 3194
1 2398
1 1104
0 
0 
0 
0 
0 
0 
1 385
0 
0 
0 
0 
0 
0 
0 
0 
0 
1 2357
0 
2 3137 4586
1 434
1 4452
0 
0 
0 
0 
0 
1 3746
1 2112
0 
0 
0 
0 
0 
1 4211
1 842
1 728
0 
0 
0 
0 
0 
0 
0 
0 
1 27
0 
0 
0 
1 1024
0 
0 
1 1075
0 
3 1169 4362 4871
0 
0 
0 
0 
0 
0 
0 
0 
0 
1 5282
0 
0 
2 921 1186
0 
0 
0 
0 
2 1012 1117
0 
0 
0 
1 4342
0 
1 2680
1 3576
0 
0 
0 
0 
1 5222
0 
0 
0 
1 4898
1 4175
0 
0 
0 
4 1387 1439 1795 4126
0 
0 
0 
0 
0 
1 2266
0 
0 
0 
0 
0 
0 
0 
0 
0 
0 
0 
0 
1 4032
1 3376
2 2828 3850
0 
0 
0 
0 
0 
0 
0 
0 
0 
0 
1 4147
0 
0 
0 
0 
1 3513
0 
0 
0 
0 
0 
0 
2 1393 1471
0 
0 
0 
0 
0 
0 
0 
0 
0 
0 
0 
0 
0 
1 2637
0 
0 
0 
0 
0 
0 
0 
0 
1 5489
0 
0 
0 
0 
0 
0 
0 
0 
0 
1 4322
0 
0 
0 
0 
1 3956
0 
0 
0 
0 
1 709
0 
0 
2 786 1865
0 
0 
0 
0 
1 2847
1 3444
0 
0 
0 
0 
0 
0 
0 
0 
0 
0 
0 
1 1260
0 
0 
0 
1 2733
1 984
1 995
0 
3 1553 3300 4425
2 2769 3893
0 
0 
0 
0 
0 
0 
0 
0 
0 
0 
0 
0 
0 
0 
0 
1 1106
0 
0 
0 
1 1562
0 
0 
0 
0 
0 
0 
0 
0 
2 992 5492
1 2254
0 
2 1882 3004
0 
0 
1 4534
0 
0 
1 3102
0 
1 4899
0 
2 190 5135
0 
0 
0 
0 
1 4854
1 281
0 
1 2787
0 
1 4674
0 
1 3831
1 1675
1 2478
0 
1 19
1 4878
2 1079 2055
0 
0 
0 
0 
0 
1 5482
0 
0 
0 
0 
0 
0 
0 
0 
0 
0 
0 
0 
2 3844 5498
0 
0 
0 
0 
1 4992
0 
2 2856 5295
0 
0 
0 
0 
0 
1 1440
0 
1 4020
0 
0 
2 1225 1687
0 
0 
1 103
1 3964
0 
3 502 2390 2473
0 
1 969
0 
0 
0 
0 
0 
2 481 4736
1 3003
0 
0 
0 
0 
0 
1 4268
0 
0 
0 
0 
0 
0 
0 
0 
0 
0 
1 3695
0 
0 
1 3041
1 3063
0 
0 
4 2394 3733 4441 4522
0 
0 
0 
1 545
0 
0 
1 4798
1 705
0 
0 
1 2517
0 
0 
1 362
0 
0 
0 
0 
0 
1 4472
0 
0 
1 3541
0 
0 
0 
1 3977
1 2976
0 
0 
0 
0 
0 
0 
0 
1 2528
0 
1 2686
1 5471
1 5228
0 
0 
0 
0 
0 
1 2467
1 4243
1 5477
2 262 3474
0 
0 
0 
0 
0 
0 
2 4328 5190
0 
0 
0 
0 
0 
0 
0 
0 
0 
0 
0 
0 
0 
1 1173
0 
1 4903
1 1350
0 
1 3515
0 
1 3914
2 479 3379
1 243
0 
0 
0 
0 
1 3556
0 
0 
0 
0 
0 
0 
0 
2 1847 4692
1 202
0 
0 
0 
0 
0 
0 
2 2589 4040
0 
0 
0 
0 
1 3721
0 
1 2173
1 3243
1 3542
0 
0 
1 3394
0 
1 3921
0 
0 
0 
0 
0 
0 
0 
0 
0 
1 5096
0 
0 
0 
0 
0 
0 
1 3989
0 
0 
1 1742
3 825 2889 3099
0 
0 
0 
0 
1 1811
1 1190
0 
0 
0 
0 
0 
0 
0 
0 
0 
0 
0 
0 
1 1259
0 
0 
0 
0 
0 
1 5048
0 
0 
0 
0 
0 
0 
0 
0 
0 
0 
0 
0 
0 
0 
0 
0 
0 
0 
0 
0 
0 
0 
0 
0 
0 
0 
0 
0 
0 
0 
1 68
0 
0 
0 
0 
0 
0 
0 
1 428
0 
0 
0 
0 
0 
0 
0 
0 
0 
0 
0 
0 
0 
0 
0 
0 
0 
0 
0 
0 
0 
0 
0 
0 
0 
0 
0 
0 
0 
0 
0 
0 
1 2420
0 
0 
0 
0 
0 
0 
0 
0 
0 
0 
0 
0 
0 
0 
0 
0 
0 
0 
0 
0 
1 5315
1 1021
0 
0 
0 
0 
1 4823
1 4659
0 
0 
1 3713
0 
0 
0 
1 897
0 
0 
1 5333
0 
0 
0 
0 
0 
1 623
1 512
0 
3 233 2863 3349
1 5506
0 
0 
0 
0 
0 
0 
0 
0 
0 
0 
0 
0 
0 
0 
0 
0 
1 4206
0 
0 
1 449
1 2036
1 5353
0 
0 
0 
1 2762
0 
0 
0 
0 
0 
0 
0 
0 
1 631
2 2767 3360
0 
0 
1 2714
0 
0 
0 
0 
0 
0 
0 
1 5478
0 
1 3902
0 
8 518 1855 1926 2156 2344 2520 3700 4269
0 
0 
0 
3 305 3037 3278
1 4577
0 
0 
2 4155 4222
0 
2 679 3377
0 
0 
0 
0 
0 
0 
0 
0 
1 550
0 
2 3586 5416
0 
0 
0 
1 2631
1 2289
0 
0 
0 
1 2882
0 
1 2865
0 
0 
1 1908
1 3768
0 
0 
0 
0 
0 
0 
1 62
0 
1 527
0 
0 
1 4138
0 
1 3373
0 
0 
0 
1 2468
0 
0 
0 
0 
0 
1 4008
0 
0 
0 
0 
1 2029
0 
1 1697
0 
0 
0 
0 
0 
1 2537
1 3304
1 5503
0 
1 1074
0 
0 
0 
1 4310
0 
0 
1 3936
0 
0 
0 
1 3758
1 2689
0 
1 3872
0 
0 
0 
0 
0 
0 
1 2800
0 
0 
0 
1 5260
0 
0 
0 
0 
0 
0 
0 
0 
0 
0 
1 2165
0 
0 
0 
0 
0 
0 
0 
0 
1 947
0 
0 
0 
0 
1 1556
0 
0 
0 
0 
0 
0 
1 4125
0 
1 2502
0 
0 
0 
0 
0 
0 
0 
0 
0 
0 
0 
1 5356
0 
0 
2 2251 2788
0 
0 
0 
1 613
1 317
0 
0 
0 
0 
0 
0 
1 4978
0 
0 
0 
1 209
0 
1 1520
0 
0 
0 
0 
0 
0 
1 1827
0 
0 
0 
0 
0 
0 
0 
0 
0 
0 
0 
0 
1 2916
0 
0 
0 
1 3147
1 4772
1 2353
0 
0 
0 
0 
0 
0 
0 
0 
0 
0 
1 3993
0 
0 
0 
0 
1 2425
0 
0 
0 
0 
0 
0 
1 850
0 
0 
0 
0 
0 
1 3162
0 
0 
0 
0 
0 
0 
0 
0 
0 
0 
0 
0 
0 
1 2700
0 
0 
0 
0 
0 
0 
1 4124
0 
1 4559
0 
1 4731
0 
0 
0 
0 
0 
0 
0 
1 239
0 
0 
0 
1 1822
0 
0 
0 
1 4793
0 
1 3923
0 
1 4603
0 
0 
0 
0 
0 
0 
0 
0 
0 
1 3369
1 1224
0 
0 
0 
0 
1 1175
0 
0 
0 
1 4395
0 
0 
1 322
0 
1 933
0 
0 
0 
1 4989
1 2222
1 1512
1 2723
0 
0 
1 4398
0 
0 
0 
0 
1 3814
0 
0 
0 
1 2497
1 5004
0 
0 
0 
1 1334
1 5510
3 634 2814 4646
1 222
0 
0 
0 
0 
0 
0 
0 
0 
1 2100
0 
0 
1 9
0 
0 
0 
0 
0 
0 
0 
0 
0 
0 
0 
0 
0 
1 1335
1 4306
1 2406
0 
0 
1 1592
0 
0 
0 
1 2795
1 5081
0 
1 2566
0 
0 
0 
1 4109
0 
0 
0 
1 4404
0 
1 1358
0 
0 
1 4168
0 
0 
0 
0 
0 
0 
0 
1 4751
0 
0 
0 
0 
0 
0 
0 
0 
0 
1 55
0 
0 
0 
0 
0 
0 
1 4105
0 
0 
1 255
0 
0 
0 
0 
1 1227
0 
0 
0 
0 
1 2576
2 775 4467
0 
0 
0 
0 
0 
0 
0 
0 
0 
0 
0 
0 
0 
0 
0 
0 
0 
0 
0 
0 
1 2104
0 
1 2557
0 
0 
1 950
0 
0 
0 
1 5323
0 
1 2564
1 501
0 
0 
0 
0 
0 
0 
0 
0 
1 2460
0 
1 4668
0 
0 
0 
0 
0 
0 
0 
1 2688
0 
1 807
0 
1 1952
0 
0 
0 
0 
0 
0 
0 
1 4002
0 
0 
1 2683
1 3291
0 
0 
0 
0 
0 
0 
1 1463
0 
1 5218
0 
0 
1 4191
0 
0 
0 
0 
0 
0 
0 
1 1194
2 3152 3231
1 1695
0 
0 
0 
0 
0 
0 
1 3174
0 
0 
0 
0 
0 
1 5223
0 
0 
0 
0 
0 
0 
0 
0 
0 
0 
0 
0 
0 
0 
0 
0 
0 
0 
0 
0 
0 
0 
1 4252
0 
0 
0 
0 
1 2483
0 
1 3040
0 
1 3069
0 
2 1609 5425
0 
0 
0 
0 
0 
1 3163
0 
0 
0 
0 
0 
0 
0 
0 
0 
0 
0 
0 
0 
0 
0 
0 
0 
0 
0 
0 
0 
0 
0 
0 
1 4887
0 
0 
0 
0 
0 
0 
1 5187
1 46
0 
0 
0 
0 
0 
0 
0 
0 
0 
0 
0 
0 
0 
0 
0 
1 5108
0 
1 4078
0 
1 1890
0 
0 
0 
0 
0 
0 
0 
1 5367
0 
0 
0 
1 1158
0 
0 
1 4828
1 296
1 4474
0 
1 2638
2 3246 5524
1 5390
0 
0 
0 
0 
0 
0 
0 
1 3442
2 3333 3899
1 4104
1 2722
0 
0 
0 
0 
1 2668
0 
0 
0 
0 
0 
0 
1 937
0 
0 
0 
0 
1 4088
0 
0 
0 
0 
0 
0 
0 
2 1560 2388
0 
0 
0 
0 
0 
1 2048
0 
1 349
0 
3 84 3241 4502
0 
0 
2 334 1939
2 2343 3775
0 
1 4558
0 
1 3557
1 1369
0 
0 
0 
1 5256
0 
0 
0 
1 3997
0 
2 4629 5310
0 
0 
0 
1 812
0 
0 
0 
0 
1 3418
0 
0 
0 
0 
1 5476
1 4298
1 153
0 
0 
1 2446
0 
0 
0 
0 
0 
0 
0 
0 
0 
0 
1 1492
1 4547
0 
0 
1 1367
0 
0 
0 
0 
0 
0 
0 
0 
0 
1 4930
1 4394
0 
0 
0 
0 
0 
0 
1 380
0 
0 
0 
0 
0 
0 
0 
0 
0 
1 3765
0 
0 
0 
0 
0 
0 
0 
0 
0 
0 
0 
0 
0 
0 
0 
0 
1 4460
0 
0 
0 
0 
1 1379
0 
0 
0 
0 
0 
0 
1 1668
2 4693 5176
0 
0 
0 
0 
0 
0 
2 2086 4000
0 
1 5487
0 
2 1051 3828
0 
0 
0 
0 
0 
0 
0 
0 
1 1715
1 5087
1 3199
1 855
0 
0 
0 
0 
0 
0 
2 1421 1728
0 
0 
0 
0 
0 
0 
0 
0 
0 
0 
2 1360 3757
0 
0 
0 
0 
0 
0 
0 
0 
0 
0 
0 
0 
0 
0 
0 
0 
0 
0 
0 
0 
0 
0 
0 
0 
0 
0 
0 
0 
0 
1 4607
0 
0 
0 
1 3126
0 
0 
0 
1 3093
0 
1 3153
0 
0 
0 
0 
0 
0 
0 
0 
0 
0 
1 5387
0 
0 
1 2041
0 
1 5050
0 
0 
0 
4 1092 2498 2852 3734
0 
0 
1 4429
0 
0 
1 2656
0 
0 
0 
0 
1 1436
0 
0 
1 4340
0 
0 
0 
0 
0 
0 
0 
1 5039
0 
1 1919
0 
2 1170 5465
0 
1 157
0 
0 
1 4401
0 
1 3998
0 
1 2914
0 
1 3415
1 1739
0 
1 483
1 1375
0 
0 
0 
1 2386
0 
0 
0 
0 
1 1530
0 
3 38 2430 4673
0 
0 
1 206
1 2704
0 
1 3117
0 
0 
0 
0 
0 
0 
0 
0 
0 
0 
1 829
1 130
0 
0 
0 
1 1039
1 552
0 
1 2094
0 
0 
0 
0 
0 
0 
1 2968
1 4902
0 
1 2687
0 
0 
0 
1 2755
0 
0 
1 2853
2 4504 5014
0 
0 
1 275
0 
0 
0 
0 
0 
0 
0 
0 
0 
0 
0 
3 186 1091 5205
2 1570 4113
1 2797
0 
1 1086
0 
0 
0 
7 860 893 2064 2938 4033 4926 5167
0 
2 2117 3955
0 
0 
0 
0 
1 2359
0 
0 
0 
0 
0 
0 
0 
0 
0 
0 
0 
0 
0 
0 
0 
0 
0 
1 3260
0 
0 
0 
0 
0 
0 
0 
0 
0 
1 884
1 4421
0 
0 
0 
0 
0 
0 
0 
0 
0 
0 
0 
1 794
0 
0 
0 
0 
0 
0 
1 389
0 
0 
1 5131
0 
0 
0 
0 
1 4749
0 
0 
0 
0 
0 
1 2627
0 
0 
0 
0 
0 
0 
1 2196
0 
0 
0 
0 
0 
0 
0 
0 
1 5052
0 
0 
0 
1 2590
0 
0 
0 
2 219 4682
0 
0 
0 
0 
0 
0 
0 
0 
0 
0 
0 
1 4301
0 
0 
0 
0 
0 
0 
0 
0 
0 
0 
0 
1 4070
1 3819
0 
0 
0 
1 3623
0 
0 
0 
1 3113
0 
0 
0 
0 
0 
0 
0 
0 
0 
0 
0 
0 
0 
0 
0 
0 
1 3331
0 
0 
0 
0 
0 
0 
0 
0 
0 
1 4713
0 
0 
0 
0 
0 
0 
1 5101
0 
0 
1 1768
1 2122
0 
0 
0 
0 
0 
0 
0 
0 
0 
1 3109
0 
0 
1 2586
0 
0 
0 
0 
1 3438
0 
0 
0 
0 
0 
0 
0 
0 
0 
0 
0 
1 3035
0 
0 
2 1989 4361
0 
0 
0 
0 
1 2229
1 5055
0 
0 
0 
0 
0 
1 3177
0 
0 
0 
0 
0 
0 
0 
0 
0 
1 5023
0 
0 
0 
0 
0 
0 
1 4494
2 3863 4785
0 
0 
1 393
0 
2 2286 3852
0 
1 1974
1 1930
0 
0 
0 
0 
0 
1 1511
0 
0 
0 
0 
0 
0 
0 
0 
1 1189
0 
1 2308
1 3900
0 
1 1069
0 
0 
0 
3 707 2443 3874
0 
0 
1 437
0 
0 
0 
0 
0 
0 
0 
1 1101
1 3973
0 
1 3861
0 
0 
0 
0 
2 1508 4815
0 
0 
0 
1 1959
0 
0 
0 
0 
0 
1 5408
0 
0 
0 
0 
0 
0 
0 
0 
0 
0 
0 
0 
0 
0 
0 
0 
0 
0 
1 31
0 
0 
0 
0 
0 
0 
0 
0 
1 898
0 
0 
1 870
1 4683
0 
0 
0 
0 
0 
0 
0 
0 
0 
0 
0 
0 
0 
0 
0 
0 
0 
1 1635
0 
0 
0 
0 
0 
0 
0 
1 5357
0 
1 785
1 5166
0 
0 
1 1372
0 
0 
0 
0 
1 717
0 
0 
0 
0 
1 890
0 
0 
0 
0 
0 
0 
0 
0 
0 
0 
0 
0 
0 
1 4122
0 
0 
0 
1 2974
0 
0 
0 
0 
1 1108
0 
1 3821
0 
0 
0 
0 
0 
0 
0 
0 
0 
1 4694
0 
0 
0 
0 
0 
0 
1 3355
0 
1 1153
0 
0 
0 
0 
0 
0 
1 5336
0 
1 3548
0 
0 
0 
0 
1 561
0 
0 
0 
0 
0 
0 
0 
1 4621
1 4286
0 
0 
0 
0 
0 
0 
0 
0 
0 
1 1892
0 
0 
0 
0 
0 
0 
0 
0 
0 
0 
0 
0 
0 
0 
0 
0 
2 3059 4197
0 
0 
0 
0 
0 
0 
1 1503
1 2346
0 
0 
0 
0 
0 
0 
0 
2 1965 4996
1 1636
0 
0 
0 
0 
0 
0 
0 
0 
0 
0 
0 
0 
1 3238
0 
0 
0 
2 520 3930
0 
0 
0 
2 1129 4657
0 
0 
1 805
0 
0 
0 
1 3343
0 
0 
0 
0 
1 1838
2 253 2171
0 
0 
0 
0 
0 
0 
0 
0 
1 2554
1 3766
0 
0 
0 
0 
0 
0 
1 2860
0 
0 
0 
1 611
0 
0 
0 
1 1105
0 
0 
0 
0 
1 5122
2 74 4131
0 
0 
0 
1 398
0 
0 
1 4150
1 1299
0 
0 
0 
0 
0 
1 2625
0 
0 
1 1536
1 3257
0 
0 
0 
1 4966
0 
0 
0 
1 752
0 
1 2109
1 5195
0 
0 
0 
1 324
0 
0 
1 3614
0 
0 
0 
0 
0 
0 
0 
0 
0 
1 1212
0 
0 
0 
0 
0 
1 4572
0 
0 
0 
0 
0 
0 
1 5354
0 
1 5103
0 
0 
1 2252
1 3079
0 
0 
0 
0 
1 4427
1 3511
0 
0 
0 
0 
0 
0 
1 638
2 1587 1648
0 
0 
0 
0 
1 185
1 4516
0 
0 
0 
0 
0 
0 
0 
1 3104
0 
0 
0 
0 
0 
1 4726
0 
0 
0 
0 
0 
0 
0 
0 
0 
1 1700
1 2662
0 
0 
0 
0 
1 4611
0 
2 968 3698
1 1048
0 
0 
0 
0 
0 
1 2875
0 
0 
0 
0 
0 
0 
0 
0 
0 
2 934 4540
1 914
0 
0 
0 
2 2361 2578
1 3023
1 4
0 
1 1469
0 
0 
0 
0 
0 
0 
0 
0 
0 
2 468 3196
0 
0 
1 4776
0 
0 
0 
0 
0 
0 
2 498 3880
0 
0 
1 4023
0 
0 
0 
0 
0 
0 
0 
0 
0 
0 
0 
0 
0 
0 
1 1642
0 
1 5488
0 
0 
0 
0 
0 
0 
0 
0 
0 
0 
0 
0 
0 
0 
0 
0 
0 
0 
0 
0 
0 
0 
0 
0 
0 
0 
0 
2 4696 5084
2 778 1749
0 
1 941
0 
0 
3 3419 3896 5121
0 
0 
1 1885
0 
0 
0 
0 
1 4080
0 
0 
0 
2 4057 5454
0 
0 
0 
1 726
0 
1 1218
0 
0 
0 
0 
0 
0 
0 
1 4553
0 
0 
0 
1 4355
2 2187 3108
0 
0 
0 
0 
0 
0 
0 
0 
0 
0 
0 
0 
0 
0 
0 
0 
1 3723
1 4446
0 
0 
0 
0 
0 
0 
1 306
0 
0 
0 
0 
0 
0 
1 4127
0 
0 
0 
0 
0 
0 
1 1948
0 
0 
0 
0 
0 
0 
0 
0 
1 2518
1 5240
0 
0 
0 
6 392 1001 1467 2947 2983 4988
1 3813
0 
0 
0 
0 
0 
0 
0 
0 
0 
0 
0 
1 3378
0 
1 889
0 
0 
1 606
0 
1 4189
1 4702
0 
1 3315
0 
0 
0 
0 
0 
0 
0 
0 
1 5284
2 2293 5172
1 2012
0 
0 
0 
1 1895
0 
0 
0 
0 
0 
0 
0 
0 
1 1702
0 
0 
0 
0 
0 
0 
1 1038
0 
1 2037
1 2021
0 
0 
0 
1 4229
0 
0 
0 
0 
0 
0 
0 
0 
0 
0 
1 1037
0 
0 
0 
0 
0 
0 
0 
0 
0 
0 
1 65
0 
0 
0 
0 
1 426
0 
0 
0 
0 
0 
0 
0 
0 
0 
0 
0 
0 
0 
1 2382
0 
0 
0 
1 2893
0 
0 
0 
0 
0 
0 
0 
0 
0 
0 
1 2393
0 
0 
1 1332
0 
0 
1 4144
0 
1 3347
0 
0 
0 
0 
1 1591
0 
0 
0 
0 
0 
1 1494
0 
0 
1 3879
0 
0 
0 
0 
0 
0 
1 382
0 
0 
0 
0 
1 2809
0 
0 
1 822
0 
0 
1 1432
2 4863 5051
0 
0 
0 
0 
0 
1 5550
0 
1 5091
0 
0 
0 
1 2242
1 3656
0 
1 3296
0 
1 1397
0 
0 
0 
0 
0 
0 
0 
0 
0 
1 2031
0 
0 
1 764
0 
0 
1 2454
2 1649 3628
0 
0 
0 
0 
0 
0 
2 5042 5294
0 
0 
0 
0 
1 5255
0 
0 
0 
0 
1 1349
0 
0 
1 2163
0 
0 
0 
0 
1 3610
0 
0 
3 302 3230 3358
0 
1 1574
0 
0 
1 4255
0 
0 
1 871
0 
0 
0 
0 
0 
0 
0 
0 
1 23
1 3584
0 
1 3388
0 
0 
1 3868
1 470
1 4610
1 342
1 1464
0 
1 2681
0 
2 488 1402
0 
2 1124 1632
0 
3 1891 2324 5118
0 
2 2285 4742
0 
2 1107 4961
0 
0 
2 1025 2709
0 
0 
0 
0 
0 
1 4384
0 
0 
1 4690
0 
2 862 4248
0 
0 
1 1257
0 
0 
0 
0 
1 3680
0 
1 2214
0 
2 654 771
0 
1 3995
0 
0 
0 
0 
1 3461
4 200 1547 3665 3860
0 
1 1203
1 1658
1 1991
1 2025
1 5025
1 4582
0 
2 2821 4822
3 1551 1821 2283
1 4318
0 
1 1676
0 
2 576 1213
0 
0 
0 
1 2849
0 
0 
1 2699
0 
1 447
0 
0 
0 
1 4443
0 
0 
0 
0 
0 
0 
0 
0 
1 227
0 
0 
1 4716
0 
0 
0 
0 
3 1100 2175 3464
0 
0 
0 
1 4169
0 
0 
0 
0 
5 712 1017 2092 3829 4589
0 
0 
1 2499
0 
0 
1 2867
0 
0 
0 
5 2057 2345 3261 3928 4900
1 4651
1 5496
1 2144
0 
0 
1 2188
1 1313
1 4111
0 
1 78
2 3006 4571
0 
1 4509
0 
0 
1 3227
0 
0 
5 784 2551 3365 3661 4106
2 1601 4758
1 3249
1 2605
0 
0 
1 3981
0 
1 540
0 
0 
0 
0 
1 3525
0 
0 
1 1237
0 
0 
0 
1 2352
0 
0 
1 4874
0 
0 
0 
1 3173
0 
1 1929
0 
0 
0 
0 
1 4895
1 4708
2 1465 2652
0 
0 
0 
0 
0 
0 
1 2414
0 
0 
0 
0 
0 
1 1655
0 
0 
0 
0 
0 
0 
0 
0 
0 
1 1543
1 1272
0 
0 
0 
1 1692
0 
0 
2 1901 3467
2 250 2764
0 
0 
0 
0 
0 
0 
0 
1 1050
0 
0 
1 2922
0 
0 
0 
0 
0 
0 
0 
0 
2 1546 5501
0 
1 4599
0 
0 
0 
0 
0 
1 524
0 
0 
1 3201
1 1830
0 
0 
0 
0 
0 
0 
0 
0 
0 
0 
0 
0 
0 
0 
0 
0 
0 
0 
0 
0 
0 
0 
0 
0 
1 4408
0 
0 
1 3175
0 
0 
0 
2 4954 5184
0 
0 
0 
0 
0 
1 3881
0 
0 
0 
0 
0 
1 4508
0 
0 
0 
1 299
0 
0 
0 
0 
0 
0 
0 
3 2147 2921 3290
0 
0 
0 
0 
1 2488
1 1401
1 2836
0 
1 5150
0 
0 
0 
0 
0 
0 
1 2711
1 2448
0 
0 
0 
0 
0 
0 
0 
1 1385
0 
0 
0 
0 
0 
0 
0 
1 1089
0 
2 3484 4825
0 
1 3787
0 
0 
0 
2 3398 3818
0 
0 
0 
0 
0 
0 
0 
0 
0 
1 1321
0 
1 5164
0 
0 
0 
0 
0 
1 2313
1 706
0 
1 3135
0 
0 
1 980
0 
0 
1 3629
0 
0 
0 
0 
0 
0 
0 
0 
0 
0 
0 
1 3311
0 
1 3329
0 
0 
0 
0 
1 3794
0 
0 
1 3673
0 
2 583 693
1 480
0 
1 4882
1 2977
0 
0 
0 
0 
0 
0 
0 
1 2719
0 
0 
0 
0 
0 
0 
1 572
0 
1 1754
1 681
0 
0 
0 
0 
0 
0 
0 
0 
0 
0 
0 
0 
0 
0 
0 
0 
1 4468
0 
0 
0 
0 
0 
0 
0 
1 453
0 
0 
0 
0 
1 2270
1 1935
0 
0 
0 
1 1412
0 
0 
0 
0 
0 
0 
1 1484
0 
0 
0 
2 92 215
0 
0 
0 
0 
0 
0 
0 
1 3132
0 
0 
1 3883
0 
0 
1 1509
0 
0 
0 
0 
0 
0 
0 
1 2919
0 
0 
0 
0 
1 1329
0 
0 
0 
0 
1 3558
0 
0 
0 
0 
0 
1 2296
0 
0 
0 
0 
1 1586
0 
0 
0 
1 2365
0 
0 
0 
0 
0 
0 
1 4943
0 
1 4831
0 
0 
0 
0 
0 
0 
1 954
0 
0 
1 4487
1 1044
1 5431
0 
0 
0 
1 2857
0 
4 698 1003 1680 5547
4 1294 3491 4872 5442
0 
0 
0 
1 694
2 1417 3526
1 1620
0 
0 
1 5144
0 
0 
0 
0 
0 
1 1366
0 
0 
1 1080
0 
0 
0 
0 
1 4519
0 
0 
0 
0 
1 316
1 3904
0 
2 508 3598
1 1230
0 
0 
1 3740
0 
0 
0 
0 
1 2493
0 
0 
0 
1 650
0 
0 
0 
0 
0 
0 
0 
0 
0 
0 
1 4819
1 3242
0 
0 
0 
0 
0 
0 
0 
0 
1 2549
0 
0 
0 
0 
0 
2 978 1441
0 
0 
0 
1 5071
0 
0 
0 
0 
1 5020
0 
0 
1 5057
1 1907
0 
0 
1 3435
0 
0 
0 
0 
0 
3 976 1778 5043
1 1640
0 
1 3182
0 
1 152
2 2630 5019
1 853
0 
0 
0 
0 
1 2115
0 
0 
1 3020
0 
1 1627
0 
1 802
1 4171
0 
0 
0 
0 
0 
0 
0 
0 
0 
0 
0 
0 
1 2937
0 
0 
1 1171
0 
0 
1 667
0 
0 
0 
0 
0 
0 
0 
0 
1 4521
0 
0 
0 
1 2874
0 
1 2759
1 972
0 
0 
0 
2 747 2663
0 
1 3947
0 
0 
0 
0 
0 
0 
0 
0 
0 
0 
0 
0 
0 
1 702
0 
1 4507
1 3903
0 
0 
0 
0 
1 3322
0 
0 
0 
0 
0 
0 
1 3908
0 
0 
0 
0 
1 2559
1 2753
0 
0 
0 
0 
1 4620
0 
0 
0 
0 
0 
0 
0 
0 
3 465 3425 3996
0 
0 
0 
0 
1 4182
0 
0 
0 
0 
0 
2 1345 3204
0 
1 3084
0 
1 5276
1 5451
0 
0 
1 3950
0 
0 
0 
0 
0 
0 
1 769
0 
0 
0 
0 
0 
0 
0 
1 4475
0 
0 
0 
0 
0 
0 
0 
0 
0 
0 
1 5500
0 
0 
0 
0 
0 
0 
0 
1 2020
0 
0 
0 
1 2007
0 
0 
0 
0 
1 1568
0 
0 
0 
0 
1 1162
0 
0 
1 2487
0 
0 
0 
0 
0 
0 
0 
0 
0 
0 
0 
0 
0 
0 
0 
0 
0 
0 
0 
0 
0 
1 5447
0 
0 
0 
1 3211
0 
1 4593
0 
0 
0 
0 
0 
0 
0 
0 
0 
0 
0 
1 5142
0 
0 
0 
0 
0 
0 
0 
0 
0 
0 
1 357
0 
0 
2 1828 5200
2 3213 4062
0 
0 
0 
0 
0 
0 
0 
1 691
0 
0 
0 
0 
0 
0 
0 
0 
0 
0 
0 
1 1292
0 
0 
0 
0 
0 
1 3375
0 
0 
1 4911
0 
0 
0 
0 
0 
0 
0 
0 
0 
2 1061 5308
1 2679
1 2142
0 
0 
0 
0 
0 
0 
0 
0 
0 
0 
0 
0 
1 4082
0 
0 
0 
0 
0 
0 
0 
0 
0 
0 
0 
0 
0 
0 
0 
0 
0 
0 
0 
0 
0 
0 
0 
1 3383
0 
1 1962
0 
1 4545
0 
1 4258
1 1589
0 
0 
0 
0 
0 
1 4975
0 
0 
0 
1 4681
0 
0 
0 
0 
0 
0 
6 57 806 1319 2784 2998 3354
0 
0 
0 
0 
0 
0 
0 
0 
0 
0 
1 2208
1 5429
0 
0 
0 
1 5530
0 
0 
0 
0 
0 
0 
1 5519
0 
0 
0 
0 
0 
1 4412
1 692
1 2125
1 2906
0 
0 
0 
1 4628
0 
2 1217 2079
0 
0 
0 
1 4247
0 
0 
0 
0 
0 
1 3307
0 
0 
0 
0 
0 
0 
0 
1 991
0 
0 
1 2526
0 
0 
0 
0 
0 
1 1955
0 
0 
0 
0 
0 
0 
0 
1 1848
0 
0 
0 
0 
0 
0 
1 1461
0 
0 
0 
0 
0 
0 
0 
0 
0 
0 
0 
0 
1 1279
0 
0 
1 3038
1 2965
0 
1 2151
1 4777
0 
0 
1 2149
0 
0 
1 1443
0 
2 911 1239
1 1808
0 
2 5169 5491
0 
0 
1 3800
0 
0 
1 3858
0 
1 5083
1 4584
0 
0 
0 
0 
0 
0 
0 
0 
0 
0 
0 
0 
0 
0 
0 
0 
0 
0 
0 
2 2503 3348
0 
0 
0 
0 
0 
0 
0 
0 
0 
0 
0 
0 
0 
0 
1 4838
1 653
0 
0 
0 
1 1978
0 
0 
1 4329
0 
0 
1 3574
0 
0 
0 
0 
0 
0 
0 
1 4271
1 5262
0 
0 
0 
0 
1 586
0 
0 
0 
0 
0 
0 
0 
0 
0 
0 
0 
0 
1 4974
0 
0 
0 
0 
0 
0 
0 
1 150
0 
0 
0 
0 
0 
1 3737
0 
0 
0 
0 
0 
0 
1 2801
0 
0 
1 5300
0 
0 
1 2022
1 4448
0 
0 
0 
0 
0 
1 658
0 
0 
1 329
0 
1 3363
0 
2 4787 5339
0 
0 
0 
0 
1 462
0 
0 
0 
1 851
1 3401
0 
1 2093
0 
0 
1 4294
0 
0 
0 
0 
0 
3 927 2531 5203
0 
0 
0 
0 
0 
1 3357
0 
0 
0 
0 
0 
0 
1 395
0 
1 266
0 
0 
0 
1 1684
0 
0 
0 
0 
1 610
0 
0 
0 
0 
0 
1 2269
0 
0 
0 
0 
0 
0 
0 
0 
0 
2 2522 5444
1 2597
1 182
0 
0 
0 
1 3583
0 
1 2235
0 
1 578
0 
0 
1 955
0 
0 
0 
0 
0 
0 
0 
0 
0 
1 3495
0 
0 
0 
0 
0 
0 
0 
1 4814
0 
1 5484
1 5248
0 
0 
0 
0 
0 
0 
1 1278
0 
0 
0 
0 
0 
0 
0 
1 1141
0 
0 
0 
0 
0 
0 
0 
0 
1 2582
1 4095
1 2274
0 
0 
0 
0 
0 
1 2050
0 
1 2063
0 
0 
0 
0 
0 
0 
1 4719
0 
1 5272
0 
0 
0 
1 225
0 
0 
0 
0 
2 460 5366
0 
0 
0 
1 3944
0 
0 
0 
0 
0 
1 3615
0 
0 
0 
0 
0 
0 
0 
0 
0 
0 
0 
0 
2 3186 3524
0 
0 
0 
0 
1 3122
0 
0 
0 
0 
1 4085
0 
1 289
0 
0 
1 755
1 949
0 
1 1009
0 
1 43
0 
0 
0 
0 
0 
0 
0 
0 
0 
1 5279
0 
0 
0 
0 
0 
0 
0 
0 
0 
0 
0 
0 
0 
0 
0 
0 
0 
0 
1 1394
0 
0 
0 
0 
0 
0 
0 
0 
0 
0 
0 
0 
4 1664 1976 4028 5466
0 
1 2111
0 
0 
0 
0 
0 
1 1922
2 1894 2749
0 
0 
0 
0 
1 818
1 4381
0 
0 
0 
0 
0 
0 
0 
0 
1 3529
1 4780
0 
0 
0 
0 
1 1565
0 
0 
0 
1 990
0 
1 3714
0 
0 
0 
4 1752 2654 4143 4949
0 
0 
0 
1 731
0 
0 
0 
0 
0 
0 
0 
0 
1 1972
0 
0 
1 876
2 1444 4722
0 
0 
0 
0 
0 
0 
0 
0 
0 
0 
0 
0 
0 
0 
1 3817
0 
0 
0 
0 
0 
0 
0 
0 
1 187
0 
0 
0 
0 
1 3590
0 
0 
0 
0 
0 
0 
0 
0 
0 
1 5027
0 
0 
0 
0 
0 
0 
0 
0 
0 
2 1352 4136
0 
0 
0 
0 
1 379
1 274
0 
0 
0 
0 
1 86
0 
0 
1 493
0 
0 
0 
2 1598 3316
0 
0 
0 
0 
1 5212
0 
0 
0 
0 
1 1220
0 
0 
0 
0 
1 4857
0 
0 
0 
0 
0 
0 
0 
0 
0 
0 
1 751
0 
0 
0 
0 
0 
0 
0 
0 
0 
1 500
0 
0 
0 
0 
0 
0 
0 
0 
0 
0 
0 
0 
0 
0 
0 
1 2181
0 
0 
0 
0 
0 
0 
0 
0 
1 2217
0 
0 
0 
0 
0 
1 5174
0 
0 
2 2049 3588
0 
0 
0 
0 
0 
1 3005
0 
0 
0 
0 
0 
0 
0 
0 
0 
0 
0 
0 
1 272
0 
2 3051 4396
0 
0 
0 
0 
0 
1 5060
0 
0 
0 
0 
0 
0 
0 
0 
1 4932
0 
0 
0 
0 
1 618
1 3717
0 
0 
0 
1 766
0 
0 
0 
0 
0 
0 
0 
0 
0 
1 4488
1 3267
0 
0 
0 
0 
1 1921
0 
1 1144
0 
0 
0 
0 
0 
1 3018
0 
0 
0 
0 
0 
1 4554
0 
3 2268 2706 3420
0 
0 
0 
0 
0 
2 1336 3110
0 
0 
0 
0 
0 
1 599
0 
1 2350
0 
0 
0 
0 
1 4812
0 
0 
0 
0 
0 
0 
0 
1 4075
1 5490
0 
0 
0 
1 1652
0 
0 
0 
0 
1 3386
0 
0 
1 1070
0 
0 
0 
0 
0 
0 
0 
0 
0 
0 
0 
0 
0 
0 
0 
0 
1 2613
1 145
0 
0 
0 
3 1878 2994 5391
0 
0 
0 
0 
1 2432
0 
0 
0 
0 
0 
0 
0 
0 
0 
0 
0 
2 2428 3384
0 
0 
0 
0 
0 
0 
2 246 4376
0 
1 1924
0 
0 
0 
0 
0 
0 
1 399
0 
0 
0 
1 5220
0 
0 
0 
0 
0 
0 
0 
0 
0 
0 
0 
0 
0 
1 1
0 
0 
1 2848
0 
0 
1 4769
0 
0 
0 
0 
0 
1 3280
0 
0 
0 
0 
0 
0 
0 
0 
0 
0 
0 
0 
0 
1 5104
0 
0 
0 
0 
0 
0 
0 
0 
0 
0 
1 4024
2 4439 5504
0 
1 4204
1 4520
0 
1 4409
0 
0 
0 
1 2609
0 
0 
1 1631
0 
0 
0 
1 3338
0 
0 
0 
1 1185
1 5183
0 
0 
1 416
0 
0 
0 
0 
1 4449
0 
0 
0 
0 
0 
1 1806
0 
0 
0 
0 
0 
0 
0 
0 
0 
1 4715
0 
0 
1 1010
0 
0 
0 
1 3155
0 
0 
0 
0 
1 3299
0 
0 
0 
0 
0 
0 
1 2639
0 
0 
0 
0 
0 
0 
0 
0 
0 
0 
0 
0 
0 
0 
0 
0 
1 113
0 
0 
0 
0 
1 237
0 
0 
0 
0 
0 
1 1693
0 
0 
0 
1 1760
0 
0 
0 
1 4514
0 
0 
0 
0 
0 
0 
0 
0 
0 
0 
1 2481
0 
1 4853
1 348
0 
0 
0 
0 
0 
0 
0 
0 
0 
0 
0 
0 
0 
1 3798
0 
1 3537
0 
0 
0 
0 
0 
0 
0 
0 
0 
0 
0 
0 
1 3185
0 
1 2982
0 
0 
0 
0 
2 1701 3140
0 
0 
1 2013
0 
0 
0 
0 
0 
0 
0 
0 
0 
1 2257
0 
0 
0 
0 
0 
0 
0 
0 
1 3786
0 
0 
0 
1 4334
1 458
0 
0 
0 
1 4537
0 
0 
0 
0 
0 
0 
1 617
0 
2 1576 4640
0 
0 
0 
0 
0 
0 
0 
0 
1 2732
0 
0 
1 5036
0 
0 
0 
0 
0 
0 
0 
0 
0 
0 
1 1719
0 
0 
0 
0 
0 
1 359
0 
0 
1 4660
0 
0 
0 
0 
1 122
0 
1 2491
0 
0 
0 
0 
0 
0 
2 3422 5542
0 
0 
1 2316
0 
0 
0 
0 
0 
0 
1 4245
0 
0 
0 
0 
1 3635
0 
0 
0 
0 
0 
0 
0 
0 
0 
0 
0 
0 
0 
1 1088
1 685
0 
0 
0 
0 
0 
0 
0 
0 
0 
0 
0 
0 
1 4655
0 
0 
0 
0 
0 
1 5548
0 
2 1893 2859
0 
0 
0 
1 311
1 1425
1 4231
0 
2 2134 5318
0 
1 4351
1 3431
0 
0 
0 
0 
0 
1 4546
1 1736
0 
0 
0 
0 
0 
0 
0 
0 
1 4297
0 
0 
0 
0 
0 
0 
0 
0 
0 
0 
2 952 1112
0 
0 
0 
1 2306
0 
0 
0 
1 2665
0 
0 
0 
0 
0 
0 
1 4365
0 
0 
0 
2 553 3572
0 
1 412
1 2440
0 
0 
1 4176
0 
0 
0 
0 
0 
0 
0 
0 
0 
2 1927 4915
0 
1 140
0 
0 
0 
0 
0 
0 
0 
0 
0 
0 
1 1240
0 
0 
2 1732 2838
2 2340 2768
0 
0 
0 
0 
3 877 3744 4236
0 
0 
0 
0 
0 
0 
1 3679
0 
0 
0 
0 
1 2992
0 
0 
0 
0 
1 117
0 
0 
0 
0 
0 
0 
0 
0 
0 
1 5097
0 
0 
0 
0 
0 
0 
0 
0 
0 
0 
0 
0 
0 
0 
0 
0 
0 
0 
1 2368
0 
0 
0 
0 
0 
0 
0 
1 4782
1 5499
0 
0 
1 5246
0 
0 
0 
0 
0 
0 
0 
0 
0 
0 
0 
0 
0 
0 
0 
0 
0 
0 
0 
0 
0 
0 
0 
0 
0 
0 
0 
0 
0 
0 
0 
0 
0 
0 
0 
0 
0 
0 
0 
0 
0 
0 
1 1302
0 
0 
0 
1 2995
0 
0 
0 
0 
1 3200
0 
1 5299
0 
2 5236 5311
0 
0 
0 
1 2030
0 
1 4830
0 
0 
1 753
0 
0 
0 
0 
0 
0 
0 
0 
0 
0 
0 
0 
0 
0 
2 2738 4001
1 3128
1 1996
0 
0 
0 
1 3427
0 
0 
0 
0 
0 
0 
0 
1 2651
0 
0 
0 
0 
0 
0 
0 
0 
0 
0 
0 
0 
0 
0 
9 73 1355 1666 1817 2741 2776 3726 4061 4701
1 5418
0 
0 
0 
0 
0 
0 
0 
0 
0 
0 
0 
0 
0 
1 1139
0 
0 
0 
1 4484
0 
0 
2 1071 5549
0 
0 
0 
0 
0 
0 
1 5445
0 
0 
0 
0 
0 
0 
1 2435
0 
0 
1 2535
0 
0 
0 
0 
0 
0 
0 
0 
1 4594
0 
0 
0 
0 
0 
0 
0 
0 
0 
0 
0 
2 201 652
0 
0 
1 2505
0 
0 
0 
0 
0 
0 
1 4741
0 
0 
0 
0 
0 
1 4227
1 1613
0 
0 
0 
0 
0 
0 
0 
1 1135
0 
0 
1 4739
0 
1 1980
0 
0 
1 2279
0 
0 
2 224 1951
0 
0 
1 2106
0 
1 1344
0 
0 
0 
0 
0 
0 
0 
0 
1 1953
1 2484
0 
1 3621
0 
0 
0 
0 
0 
0 
1 3862
0 
0 
0 
0 
0 
1 1522
0 
0 
0 
0 
0 
1 598
0 
0 
0 
1 5456
1 593
0 
0 
0 
0 
0 
0 
0 
0 
0 
0 
0 
0 
1 2095
0 
0 
1 391
0 
0 
0 
0 
0 
0 
0 
0 
0 
0 
0 
0 
0 
0 
0 
0 
0 
0 
1 3780
0 
0 
0 
1 1322
1 3303
0 
0 
0 
0 
0 
0 
0 
1 4064
0 
0 
1 4188
0 
0 
1 3146
0 
0 
1 727
0 
1 4649
1 4951
1 4148
0 
1 2580
1 1818
0 
1 345
0 
0 
0 
0 
1 1191
0 
1 535
0 
0 
0 
1 4493
0 
0 
0 
0 
0 
0 
1 288
0 
0 
0 
0 
1 3220
0 
0 
1 3702
1 4333
1 1912
0 
1 3994
0 
1 3219
0 
0 
0 
0 
0 
0 
0 
0 
0 
0 
1 2509
0 
0 
0 
0 
0 
0 
0 
1 3092
0 
0 
0 
0 
0 
0 
0 
0 
0 
0 
0 
0 
0 
0 
0 
0 
0 
0 
1 2645
1 1936
2 2396 2956
1 3070
0 
0 
1 3277
1 2019
0 
0 
0 
0 
0 
1 2721
0 
1 204
1 129
0 
0 
0 
0 
0 
0 
1 3681
0 
2 3684 5537
1 3752
0 
0 
0 
0 
1 5297
0 
0 
0 
0 
0 
1 3292
0 
0 
0 
0 
0 
1 2727
0 
0 
0 
0 
0 
0 
0 
0 
0 
0 
0 
0 
0 
0 
0 
0 
0 
0 
0 
0 
0 
1 128
1 3674
1 3741
1 1035
0 
0 
0 
0 
1 2474
0 
0 
0 
1 4654
0 
0 
0 
0 
0 
0 
0 
0 
0 
1 1338
0 
0 
0 
0 
0 
1 5199
0 
0 
1 2720
0 
0 
0 
0 
0 
0 
1 3886
0 
1 3810
1 3179
1 1269
0 
0 
0 
1 126
0 
0 
0 
0 
1 3446
0 
0 
0 
1 1933
0 
0 
0 
0 
1 3066
1 4881
1 3320
0 
0 
0 
0 
0 
0 
0 
0 
0 
0 
0 
0 
0 
0 
0 
0 
0 
0 
1 4618
1 1790
0 
0 
1 4162
1 4317
0 
0 
0 
0 
0 
0 
0 
0 
0 
0 
0 
1 1614
0 
0 
0 
0 
0 
0 
0 
1 2841
0 
0 
1 4579
2 33 3502
0 
0 
0 
1 5134
0 
0 
0 
0 
0 
0 
0 
1 2456
0 
0 
0 
0 
1 4803
0 
0 
0 
0 
0 
0 
1 642
0 
0 
0 
0 
0 
0 
0 
0 
0 
0 
0 
0 
0 
0 
1 2444
0 
0 
0 
0 
0 
0 
0 
0 
0 
0 
0 
2 2077 2881
0 
0 
0 
0 
1 5249
1 376
0 
1 4364
0 
0 
0 
0 
0 
1 4417
1 4462
0 
0 
0 
0 
0 
0 
0 
0 
1 273
0 
1 2082
0 
0 
1 4156
0 
0 
1 3724
1 3266
0 
0 
0 
0 
0 
0 
0 
0 
0 
0 
0 
1 4453
0 
0 
0 
0 
1 836
0 
0 
0 
2 1689 4844
0 
0 
0 
0 
0 
0 
0 
0 
0 
0 
0 
0 
0 
0 
0 
0 
0 
0 
0 
0 
0 
0 
0 
0 
0 
0 
0 
0 
0 
1 1403
0 
0 
0 
0 
0 
0 
0 
1 4801
0 
0 
1 3937
0 
0 
0 
0 
0 
1 161
0 
0 
0 
0 
0 
1 3806
0 
0 
0 
0 
0 
0 
1 859
0 
0 
0 
0 
1 2206
0 
0 
2 452 4630
0 
1 5010
0 
0 
1 1033
0 
0 
0 
0 
0 
0 
0 
1 4254
0 
0 
0 
0 
0 
0 
1 1419
1 132
0 
0 
0 
0 
0 
0 
0 
0 
0 
0 
0 
0 
0 
0 
0 
0 
0 
0 
0 
0 
0 
0 
0 
0 
0 
0 
0 
0 
0 
0 
0 
1 626
0 
0 
0 
0 
0 
0 
0 
1 4346
0 
0 
0 
0 
1 715
1 2238
0 
0 
1 5401
0 
0 
0 
0 
0 
0 
2 252 1452
1 2259
0 
0 
0 
0 
1 295
0 
1 1762
0 
0 
0 
0 
0 
0 
0 
0 
1 3761
0 
0 
0 
1 4063
0 
0 
0 
0 
0 
0 
1 1617
0 
0 
0 
0 
0 
1 106
1 2320
0 
0 
0 
0 
0 
1 5037
0 
0 
0 
0 
0 
0 
0 
1 3025
0 
0 
0 
0 
0 
0 
0 
0 
0 
0 
1 981
1 571
0 
0 
0 
0 
0 
1 2904
1 5266
0 
0 
0 
0 
1 2980
0 
1 3477
0 
0 
0 
0 
0 
0 
0 
1 3867
0 
0 
2 192 2047
0 
0 
0 
0 
0 
0 
0 
0 
0 
0 
0 
0 
0 
0 
1 1667
0 
0 
0 
0 
0 
0 
0 
0 
0 
0 
0 
1 2945
0 
0 
0 
0 
1 2319
0 
0 
0 
0 
1 907
0 
0 
0 
0 
0 
0 
0 
1 1691
0 
0 
0 
0 
0 
0 
1 5113
0 
0 
0 
0 
1 4680
1 1813
0 
0 
0 
0 
0 
0 
0 
0 
0 
0 
1 195
0 
0 
1 4121
0 
0 
0 
0 
0 
0 
0 
0 
0 
0 
0 
0 
0 
0 
0 
0 
0 
0 
0 
0 
0 
1 4285
0 
0 
0 
0 
0 
0 
0 
0 
0 
1 2891
0 
0 
0 
0 
0 
1 2924
0 
0 
0 
0 
0 
0 
0 
0 
0 
0 
0 
0 
0 
0 
0 
1 649
1 3187
0 
0 
1 3799
1 4528
0 
1 2062
0 
0 
0 
0 
0 
0 
0 
0 
0 
0 
0 
0 
0 
1 1391
0 
0 
0 
