1 14760
1 5079
1 20084
1 6193
1 19172
1 14631
1 3158
1 8063
1 9850
1 5697
1 12541
1 17111
1 2250
1 4792
1 247
1 15325
1 12099
1 8398
1 8682
1 6205
1 8428
1 3563
1 25716
1 14180
1 160
1 3026
1 14555
1 6140
1 9861
1 2815
1 4905
1 25603
1 2638
1 2511
1 5525
1 11228
1 22322
1 3928
1 16210
1 25001
1 7048
1 3704
1 14966
1 7728
1 3882
1 15898
1 14675
1 4300
1 10507
1 7936
1 25154
1 17487
1 13599
1 15069
1 13866
1 19268
1 3905
1 20163
1 3056
1 17549
1 1973
1 9222
1 9222
1 18130
1 22119
1 23552
1 18342
1 5875
1 34
1 22889
1 15829
1 13317
1 15094
1 25084
1 3668
1 13278
1 18918
1 23242
1 672
1 16140
1 24407
1 24939
1 9601
1 5313
1 545
1 715
1 14942
1 21647
1 15053
1 21938
1 273
1 19078
1 18532
1 6292
1 9992
1 5673
1 23513
1 16694
1 5558
1 4013
1 1810
1 23639
1 10011
1 16003
1 14746
1 23832
1 14005
1 12552
1 9095
1 8234
1 25576
1 15054
1 628
1 25418
1 20871
1 21483
1 4985
1 20918
1 3476
1 23339
1 22127
1 23058
1 25285
1 22903
1 10989
1 7479
1 11237
1 5548
1 57
1 12486
1 24553
1 5009
1 1063
1 10474
1 13672
1 17626
1 3315
1 16600
1 20653
1 4352
1 12470
1 24819
1 17487
1 21929
1 25477
1 7619
1 3287
1 14861
1 24329
1 24978
1 13403
1 3864
1 9741
1 19485
1 13784
1 3892
1 17068
1 17802
1 23337
1 9705
1 17487
1 8495
1 18846
1 18019
1 16573
1 11412
1 2258
1 16496
1 25643
1 16065
1 8687
1 16694
1 18737
1 10550
1 9601
1 6336
1 5358
1 15407
1 12112
1 23507
1 6870
1 22889
1 9448
1 13036
1 20095
1 14269
1 18580
1 8552
1 24448
1 13765
1 1910
1 16226
1 411
1 24780
1 17487
1 6700
1 588
1 7482
1 4660
1 12305
1 25418
1 19360
1 20146
1 11081
1 10990
1 22889
1 12639
1 13599
1 10423
1 9052
1 16694
1 97
1 9395
1 24992
1 13807
1 4710
1 15296
1 5569
1 20082
1 10760
1 21930
1 10011
1 9895
1 19724
1 20427
1 18794
1 4936
1 7542
1 10431
1 12189
1 20357
1 11516
1 13420
1 18883
1 1704
1 20906
1 18367
1 23869
1 24472
1 23178
1 14506
1 844
1 8476
1 19381
1 16519
1 6332
1 19526
1 10990
1 17382
1 9368
1 16927
1 13765
1 11236
1 3672
1 24817
1 1283
1 3765
1 19379
1 1146
1 12219
1 14953
1 546
1 16694
1 8912
1 5717
1 1301
1 25261
1 1646
1 24784
1 10054
1 10824
1 18527
1 20859
1 14762
1 18449
1 12165
1 13339
1 5075
1 4296
1 6699
1 3386
1 11263
1 2071
1 23676
1 15001
1 23612
1 10324
1 2660
1 18973
1 8792
1 24584
1 15280
1 22119
1 5582
1 15137
1 19303
1 1463
1 5510
1 19975
1 5986
1 25675
1 18014
1 25311
1 14608
1 20935
1 9548
1 7634
1 10669
1 3237
1 24664
1 17487
1 12231
1 6659
1 4562
1 8768
1 3850
1 21976
1 18122
1 16027
1 6992
1 16021
1 22272
1 6328
1 4074
1 22731
1 21840
1 13914
1 19729
1 23300
1 22382
1 19111
1 23157
1 2721
1 19934
1 19111
1 25396
1 21086
1 3052
1 5513
1 25298
1 11963
1 23897
1 5783
1 3268
1 24398
1 21749
1 23832
1 23080
1 7857
1 20877
1 15615
1 14126
1 8576
1 14308
1 18319
1 10949
1 1969
1 17188
1 20593
1 4837
1 16566
1 11022
1 5215
1 1082
1 11764
1 19580
1 6801
1 4490
1 588
1 21781
1 12338
1 5991
1 15940
1 13537
1 1616
1 16793
1 4227
1 21819
1 11527
1 7499
1 2772
1 5045
1 17191
1 3871
1 7330
1 1598
1 24266
1 16793
1 16472
1 21998
1 15186
1 13517
1 9355
1 7770
1 7904
1 20259
1 25142
1 19173
1 5618
1 21999
1 7135
1 14469
1 24046
1 22889
1 6106
1 6092
1 9683
1 2876
1 24270
1 18935
1 19146
1 18125
1 8257
1 2949
1 23600
1 5158
1 22890
1 25491
1 3131
1 4489
1 7178
1 15833
1 14620
1 9194
1 13685
1 13576
1 2388
1 17710
1 16761
1 18099
1 2108
1 1005
1 17123
1 17146
1 18883
1 7192
1 14115
1 12905
1 1660
1 23248
1 6302
1 368
1 2437
1 19730
1 11285
1 16625
1 9431
1 15882
1 13461
1 6437
1 20660
1 23990
1 951
1 4101
1 7816
1 3169
1 259
1 19410
1 358
1 18846
1 2658
1 6521
1 279
1 18008
1 19404
1 8108
1 11090
1 11473
1 15564
1 14737
1 203
1 19411
1 7041
1 19455
1 10779
1 10760
1 21638
1 20361
1 23501
1 16190
1 4560
1 22790
1 1850
1 288
1 18917
1 19533
1 25873
1 4201
1 19541
1 2661
1 17188
1 13988
1 19132
1 13407
1 20605
1 25027
1 1092
1 7618
1 16470
1 2588
1 25695
1 10107
1 7334
1 20859
1 19940
1 337
1 4375
1 23215
1 11061
1 24527
1 8568
1 21631
1 17851
1 17279
1 14529
1 13234
1 4476
1 7748
1 24889
1 8449
1 12407
1 16873
1 15601
1 17335
1 23029
1 16557
1 2360
1 22893
1 629
1 12243
1 14000
1 1586
1 25005
1 15853
1 20307
1 2571
1 12861
1 10457
1 12033
1 23281
1 1228
1 24398
1 23086
1 17887
1 14385
1 21929
1 19474
1 25494
1 15084
1 21284
1 14154
1 12619
1 25256
1 13103
1 6198
1 20161
1 2674
1 2815
1 5497
1 2848
1 25601
1 3113
1 13093
1 19865
1 24612
1 10252
1 19114
1 17860
1 15945
1 4612
1 4975
1 19590
1 15040
1 9565
1 17636
1 7004
1 15284
1 3237
1 9601
1 25766
1 25096
1 4369
1 24629
1 4937
1 153
1 2613
1 7447
1 23455
1 20032
1 21170
1 1533
1 845
1 3611
1 4460
1 25665
1 9634
1 9510
1 17710
1 21673
1 1818
1 12623
1 19774
1 3000
1 19865
1 24741
1 17782
1 18529
1 10529
1 3260
1 12425
1 9664
1 23383
1 448
1 21170
1 13278
1 2942
1 951
1 21259
1 10199
1 6928
1 17275
1 23210
1 5750
1 15412
1 5539
1 13682
1 25539
1 15497
1 5518
1 9222
1 1415
1 15258
1 12099
1 14740
1 7475
1 1578
1 992
1 11267
1 1095
1 13234
1 14982
1 14977
1 20829
1 15615
1 1120
1 17437
1 5261
1 5518
1 25707
1 5450
1 3848
1 17233
1 14896
1 9277
1 257
1 15894
1 5538
1 17906
1 2560
1 24553
1 17388
1 16436
1 11903
1 17213
1 16527
1 23075
1 1634
1 16975
1 17203
1 8823
1 21631
1 11304
1 19076
1 6916
1 16916
1 13599
1 16682
1 16863
1 7130
1 16315
1 21539
1 1942
1 16941
1 5532
1 17487
1 6546
1 1818
1 23241
1 20593
1 19111
1 17487
1 10099
1 8007
1 21410
1 9621
1 25225
1 11475
1 7015
1 23990
1 8695
1 5960
1 9222
1 8440
1 13926
1 13400
1 9054
1 15864
1 3120
1 5318
1 6705
1 3511
1 16349
1 9757
1 23693
1 15350
1 190
1 13292
1 20829
1 2674
1 14288
1 14458
1 23492
1 23925
1 15261
1 22457
1 10059
1 21426
1 17617
1 6927
1 7766
1 5273
1 6914
1 13389
1 22711
1 7058
1 20517
1 3646
1 15540
1 23951
1 2055
1 7044
1 13141
1 2182
1 17487
1 13906
1 17742
1 8865
1 9289
1 15472
1 16325
1 940
1 19150
1 5882
1 14730
1 13101
1 12619
1 25485
1 10963
1 20948
1 17487
1 4055
1 19205
1 19985
1 3190
1 4839
1 15094
1 21218
1 6117
1 16793
1 6923
1 805
1 16325
1 7118
1 22935
1 11662
1 2736
1 786
1 7370
1 16889
1 24561
1 14657
1 11521
1 1579
1 5221
1 24744
1 15013
1 15786
1 25664
1 16319
1 4367
1 5788
1 15520
1 23521
1 7596
1 2141
1 17487
1 15363
1 24935
1 16642
1 5155
1 6811
1 22439
1 16497
1 25643
1 22420
1 2865
1 16777
1 9689
1 899
1 3298
1 19043
1 13881
1 17340
1 3865
1 8406
1 4717
1 20442
1 13261
1 21368
1 11314
1 23953
1 10411
1 17819
1 3672
1 16852
1 5484
1 13671
1 14957
1 25229
1 18664
1 13599
1 13765
1 3096
1 5891
1 13831
1 5788
1 1731
1 14426
1 24858
1 10669
1 3821
1 13599
1 15994
1 3335
1 7102
1 10545
1 18349
1 20384
1 7701
1 20225
1 3224
1 21394
1 25297
1 1941
1 25520
1 16771
1 20101
1 12706
1 20493
1 20765
1 14458
1 15103
1 21650
1 4747
1 24860
1 4754
1 22297
1 25577
1 7902
1 11749
1 5892
1 4006
1 9906
1 514
1 506
1 15615
1 3961
1 16343
1 21234
1 4632
1 9346
1 12896
1 21130
1 25873
1 18557
1 622
1 16772
1 5030
1 21564
1 5165
1 12738
1 5808
1 15484
1 8974
1 6205
1 9160
1 12998
1 9511
1 12076
1 10844
1 20884
1 25664
1 2762
1 87
1 15292
1 2088
1 5424
1 2710
1 15053
1 18228
1 938
1 22516
1 11158
1 16839
1 14099
1 13537
1 1278
1 24431
1 13599
1 13799
1 12597
1 2386
1 16509
1 10107
1 18995
1 16067
1 4921
1 4103
1 471
1 6212
1 4670
1 25215
1 19151
1 19067
1 22503
1 6628
1 4873
1 432
1 14398
1 18594
1 16661
1 5228
1 13297
1 15137
1 18594
1 11913
1 24427
1 18098
1 23540
1 25297
1 8476
1 2796
1 6713
1 18876
1 24828
1 9503
1 21375
1 9360
1 13054
1 11886
1 8726
1 698
1 20188
1 13493
1 939
1 12479
1 12215
1 20337
1 2173
1 16860
1 9806
1 22889
1 9972
1 2936
1 7379
1 13431
1 12576
1 9533
1 15186
1 4892
1 859
1 14349
1 485
1 6636
1 8558
1 8693
1 2773
1 6179
1 19063
1 18826
1 9273
1 1488
1 16192
1 21990
1 13607
1 16351
1 9911
1 10747
1 9668
1 15163
1 10107
1 13451
1 767
1 15483
1 19111
1 12165
1 2660
1 22119
1 24290
1 7845
1 23089
1 24766
1 8902
1 23090
1 10153
1 12341
1 16624
1 19713
1 24384
1 8120
1 16885
1 18676
1 22601
1 23058
1 2364
1 6361
1 18903
1 15257
1 19396
1 19340
1 4760
1 5487
1 24904
1 4396
1 20308
1 8141
1 10749
1 24395
1 9856
1 22605
1 21885
1 7857
1 15060
1 3674
1 17860
1 10444
1 25604
1 921
1 20550
1 10432
1 24158
1 6076
1 4080
1 19590
1 3030
1 17122
1 24764
1 7430
1 10717
1 792
1 20238
1 20064
1 362
1 14676
1 22889
1 3231
1 16729
1 3205
1 21999
1 12869
1 18956
1 7251
1 3935
1 7388
1 12097
1 20653
1 3539
1 19754
1 4754
1 5030
1 12219
1 7344
1 25714
1 21630
1 24191
1 15392
1 16988
1 2775
1 11237
1 1179
1 4710
1 12453
1 25149
1 8771
1 25596
1 21660
1 19138
1 8603
1 6776
1 18113
1 19507
1 24825
1 17992
1 10202
1 18883
1 4783
1 5331
1 4297
1 12489
1 18572
1 9511
1 9601
1 22484
1 6198
1 21144
1 16388
1 7437
1 13881
1 691
1 18146
1 21159
1 24142
1 24398
1 15064
1 12634
1 6059
1 7233
1 24724
1 8663
1 9396
1 23081
1 10718
1 8268
1 23954
1 6628
1 8182
1 5611
1 13599
1 15210
1 6106
1 14108
1 5513
1 17503
1 10254
1 21085
1 21131
1 21104
1 17647
1 4574
1 19636
1 15958
1 14428
1 20692
1 1212
1 10827
1 23139
1 24989
1 18294
1 1594
1 4624
1 8991
1 23791
1 715
1 24615
1 2139
1 10156
1 10401
1 7669
1 9423
1 9558
1 2719
1 19111
1 16100
1 5855
1 14148
1 11675
1 15228
1 2643
1 17912
1 11256
1 6941
1 19416
1 16951
1 18006
1 4188
1 22189
1 14427
1 17313
1 16694
1 11247
1 17225
1 9035
1 5808
1 13226
1 15722
1 8406
1 2156
1 25744
1 2130
1 9460
1 25183
1 8407
1 16363
1 14644
1 2996
1 7037
1 22484
1 19413
1 25358
1 7277
1 8003
1 8979
1 3199
1 10796
1 3680
1 10523
1 22948
1 7938
1 19634
1 11582
1 8628
1 17652
1 18378
1 9070
1 17487
1 18818
1 22522
1 11041
1 23641
1 19999
1 18882
1 10198
1 7588
1 14227
1 17510
1 30
1 2788
1 410
1 4552
1 11889
1 19248
1 22422
1 16846
1 11062
1 25477
1 23990
1 15184
1 12076
1 1524
1 23947
1 15528
1 15865
1 7487
1 4132
1 8834
1 15615
1 23929
1 6395
1 400
1 15564
1 1922
1 10520
1 14312
1 14248
1 6046
1 21529
1 17955
1 12359
1 16252
1 19865
1 12017
1 19671
1 22889
1 257
1 23195
1 22081
1 17487
1 16007
1 19076
1 22723
1 16254
1 23953
1 3264
1 19608
1 3907
1 23419
1 3978
1 3109
1 19254
1 15659
1 18382
1 9222
1 3084
1 6437
1 15137
1 9232
1 11194
1 13080
1 11715
1 751
1 15706
1 3042
1 412
1 14593
1 9905
1 23246
1 16227
1 1764
1 22953
1 14681
1 24587
1 10107
1 24997
1 3733
1 2293
1 9314
1 14093
1 23723
1 3747
1 17635
1 20451
1 18558
1 16183
1 16623
1 16789
1 23393
1 3386
1 21284
1 18133
1 23055
1 21281
1 14226
1 15822
1 21393
1 19157
1 13809
1 13467
1 20731
1 17635
1 21147
1 12054
1 11314
1 8796
1 2366
1 17475
1 2726
1 2475
1 12679
1 13006
1 23895
1 19854
1 5183
1 18954
1 14055
1 11859
1 943
1 786
1 17365
1 25345
1 924
1 8367
1 2922
1 3791
1 22438
1 8473
1 23069
1 631
1 24128
1 21271
1 9928
1 23291
1 10942
1 11503
1 17108
1 3205
1 6719
1 25914
1 16839
1 14681
1 10627
1 11839
1 2671
1 12887
1 15620
1 10863
1 7729
1 23199
1 6739
1 22312
1 15466
1 5177
1 5095
1 9535
1 23548
1 17502
1 11168
1 7732
1 17094
1 18532
1 1568
1 24560
1 25225
1 5920
1 4372
1 954
1 21245
1 9865
1 13257
1 20290
1 22867
1 12084
1 12327
1 2844
1 17040
1 14977
1 5955
1 2581
1 24090
1 3117
1 11228
1 16997
1 23055
1 1274
1 8407
1 17064
1 16862
1 3000
1 3921
1 22525
1 19590
1 21745
1 22889
1 6379
1 23540
1 8158
1 1506
1 759
1 9908
1 20859
1 19485
1 12394
1 23861
1 301
1 25352
1 6081
1 15857
1 13717
1 5173
1 942
1 11840
1 15352
1 13277
1 20829
1 20961
1 851
1 11010
1 6870
1 22136
1 23724
1 11296
1 97
1 16846
1 15829
1 8082
1 9007
1 12432
1 22734
1 5191
1 21005
1 1197
1 20357
1 9641
1 7201
1 20672
1 1275
1 3909
1 7236
1 16748
1 8240
1 5315
1 10324
1 10800
1 16582
1 12983
1 861
1 17887
1 562
1 4602
1 17236
1 2336
1 21073
1 20789
1 5884
1 22839
1 22317
1 20657
1 23697
1 22233
1 15285
1 1212
1 10404
1 12614
1 4545
1 12548
1 5496
1 23485
1 21454
1 19695
1 16719
1 3592
1 22707
1 19752
1 22999
1 477
1 5758
1 10232
1 15468
1 3309
1 3892
1 21938
1 25929
1 17107
1 24767
1 25333
1 19223
1 9803
1 13795
1 9648
1 16694
1 22314
1 9222
1 20660
1 11252
1 10096
1 20651
1 25736
1 18454
1 13494
1 4632
1 7542
1 19244
1 23373
1 19084
1 23055
1 13175
1 4901
1 18235
1 8018
1 14643
1 16862
1 16179
1 13529
1 20336
1 11827
1 3984
1 7845
1 14223
1 6553
1 9242
1 13036
1 19533
1 21429
1 24973
1 9571
1 24740
1 22233
1 11083
1 9525
1 6218
1 12679
1 25119
1 7776
1 3397
1 22889
1 22486
1 24823
1 339
1 19633
1 17865
1 2724
1 22849
1 1339
1 7872
1 16351
1 7887
1 5894
1 12252
1 14744
1 8210
1 4059
1 21711
1 19282
1 5472
1 1014
1 16771
1 17542
1 4117
1 21765
1 16557
1 21710
1 7188
1 11485
1 19808
1 22516
1 16534
1 7365
1 14393
1 5858
1 8055
1 54
1 16498
1 9416
1 15069
1 21503
1 12154
1 10401
1 25247
1 14952
1 17915
1 6780
1 21001
1 10428
1 9911
1 14249
1 16694
1 19618
1 5234
1 2137
1 44
1 904
1 18600
1 7755
1 9673
1 25268
1 15313
1 13751
1 2658
1 17487
1 15833
1 5470
1 8628
1 13996
1 23363
1 18117
1 4296
1 23040
1 2728
1 1261
1 17857
1 10646
1 13325
1 14149
1 12856
1 10990
1 23451
1 16648
1 9571
1 9906
1 14641
1 19161
1 3135
1 17487
1 9204
1 9054
1 5889
1 7166
1 10004
1 12614
1 10730
1 21
1 2658
1 22768
1 19975
1 22889
1 18199
1 20554
1 17034
1 18266
1 11257
1 25847
1 6357
1 23947
1 16833
1 11574
1 1631
1 12249
1 7845
1 17275
1 12499
1 20809
1 14346
1 25377
1 11142
1 10346
1 11762
1 1275
1 9137
1 4134
1 16464
1 9906
1 22516
1 1506
1 2290
1 11920
1 16474
1 4489
1 23927
1 13068
1 3131
1 18334
1 2671
1 7997
1 1003
1 14636
1 16914
1 16951
1 18498
1 21419
1 15021
1 14510
1 9222
1 3
1 1980
1 20783
1 23260
1 9395
1 9222
1 24398
1 16210
1 18740
1 15477
1 24764
1 6952
1 24243
1 5274
1 7817
1 9215
1 23128
1 3844
1 25410
1 4951
1 20538
1 8186
1 14108
1 10593
1 22101
1 15706
1 1823
1 9482
1 15091
1 8849
1 10627
1 7625
1 1919
1 1302
1 9989
1 15053
1 15137
1 18364
1 12103
1 8141
1 16906
1 5625
1 9484
1 20733
1 15194
1 24939
1 13700
1 5725
1 23336
1 10990
1 25833
1 20951
1 21099
1 3101
1 23608
1 15542
1 20951
1 17526
1 3257
1 3231
1 19485
1 17782
1 3656
1 23832
1 15414
1 16807
1 13704
1 18813
1 2658
1 10681
1 11278
1 15092
1 8918
1 4320
1 12134
1 3511
1 10942
1 22912
1 23763
1 2113
1 11961
1 2761
1 10205
1 18061
1 22566
1 2812
1 22417
1 12098
1 9954
1 5163
1 16115
1 10506
1 865
1 5788
1 1043
1 11832
1 7082
1 6279
1 5286
1 7658
1 13130
1 15127
1 4399
1 21747
1 372
1 6398
1 8679
1 5459
1 2659
1 17500
1 5038
1 18950
1 3789
1 8255
1 21417
1 2316
1 2124
1 4588
1 12513
1 15597
1 24142
1 9068
1 561
1 9430
1 21086
1 24133
1 17856
1 5378
1 24825
1 7528
1 1246
1 18923
1 20688
1 16991
1 2059
1 16260
1 16333
1 22353
1 4843
1 1614
1 12773
1 2899
1 25422
1 12870
1 3236
1 19807
1 25873
1 337
1 4660
1 19111
1 11552
1 22390
1 4419
1 18360
1 18526
1 1314
1 9137
1 5915
1 13273
1 20538
1 14066
1 5805
1 13042
1 17487
1 1942
1 1330
1 16694
1 20848
1 15949
1 9871
1 9222
1 6470
1 11712
1 470
1 21571
1 10418
1 3131
1 24198
1 18864
1 13757
1 9416
1 1413
1 4966
1 3215
1 25810
1 24994
1 6853
1 13207
1 24798
1 11454
1 14337
1 21062
1 4554
1 20000
1 17818
1 8117
1 14399
1 13505
1 3601
1 11356
1 24453
1 20982
1 10703
1 11165
1 5788
1 25854
1 5297
1 11248
1 12981
1 7858
1 24711
1 18787
1 7272
1 15711
1 16175
1 16088
1 1246
1 18378
1 21524
1 14186
1 17431
1 16118
1 2401
1 6916
1 1506
1 23468
1 9511
1 19592
1 4936
1 13389
1 14744
1 19556
1 9327
1 18420
1 15615
1 19632
1 9668
1 8348
1 14469
1 6475
1 10734
1 19533
1 20593
1 8971
1 1986
1 16007
1 25103
1 16433
1 11382
1 7212
1 22224
1 17581
1 17912
1 10515
1 4453
1 18134
1 25428
1 17562
1 9572
1 14975
1 25219
1 23055
1 22516
1 5858
1 23200
1 16897
1 7222
1 23520
1 315
1 21656
1 4156
1 8865
1 9954
1 10669
1 10602
1 24398
1 12620
1 14490
1 18788
1 20076
1 21647
1 25297
1 23507
1 19754
1 19928
1 6175
1 8998
1 25838
1 24764
1 5831
1 145
1 23313
1 16932
1 2219
1 13129
1 5910
1 20235
1 21555
1 5248
1 24082
1 4704
1 18141
1 1107
1 6911
1 18322
1 11985
1 9414
1 7802
1 12719
1 24715
1 24799
1 8182
1 6283
1 11917
1 758
1 20452
1 3640
1 20230
1 17487
1 9408
1 21055
1 21829
1 8357
1 25001
1 18639
1 21827
1 818
1 22037
1 25787
1 23212
1 6432
1 1494
1 6289
1 24744
1 4444
1 11819
1 51
1 4592
1 18299
1 4626
1 25719
1 11728
1 7561
1 15528
1 13204
1 18133
1 7875
1 12392
1 15465
1 24602
1 1823
1 16546
1 353
1 13644
1 6506
1 17584
1 21929
1 857
1 14469
1 19009
1 20023
1 7120
1 3625
1 15649
1 1897
1 13786
1 24989
1 12647
1 12098
1 4019
1 13765
1 12948
1 11882
1 20760
1 14688
1 2835
1 6312
1 2527
1 17487
1 908
1 10493
1 969
1 8023
1 6565
1 7955
1 17856
1 17148
1 17944
1 9757
1 17953
1 4828
1 2248
1 21617
1 5215
1 9455
1 17593
1 6083
1 2219
1 11154
1 14688
1 23570
1 14502
1 21379
1 17583
1 13163
1 536
1 6774
1 9991
1 20117
1 16920
1 5950
1 12025
1 18338
1 22204
1 5491
1 15307
1 17334
1 6254
1 12072
1 13321
1 1969
1 8257
1 6939
1 8406
1 23055
1 3972
1 10391
1 8135
1 15166
1 649
1 23705
1 5785
1 5601
1 2521
1 10598
1 13604
1 18520
1 17210
1 22614
1 19590
1 23183
1 23681
1 16694
1 6243
1 24820
1 22460
1 3883
1 14300
1 11994
1 9906
1 533
1 23090
1 20013
1 227
1 10293
1 8644
1 2305
1 19040
1 22233
1 17303
1 2592
1 21264
1 4274
1 25834
1 9664
1 9222
1 10714
1 9853
1 22910
1 22851
1 23337
1 3897
1 8775
1 23877
1 903
1 10327
1 18855
1 22453
1 11193
1 7177
1 4333
1 4788
1 1105
1 17616
1 22722
1 15791
1 11848
1 9104
1 11314
1 23864
1 9884
1 3918
1 11041
1 15784
1 23506
1 2483
1 8383
1 265
1 8166
1 25139
1 1161
1 774
1 24456
1 17615
1 6226
1 24744
1 15028
1 8809
1 3421
1 16584
1 17062
1 20318
1 11999
1 21030
1 21245
1 12456
1 17449
1 17040
1 22021
1 8602
1 7496
1 5676
1 21513
1 17665
1 14108
1 501
1 14498
1 3672
1 1076
1 23770
1 24602
1 16719
1 16126
1 2076
1 5762
1 5629
1 10591
1 6132
1 21755
1 13842
1 10853
1 15303
1 12025
1 8423
1 7041
1 18804
1 5782
1 17924
1 1077
1 23436
1 9222
1 6490
1 14227
1 153
1 25053
1 15949
1 2904
1 4660
1 6959
1 12808
1 16360
1 15289
1 9257
1 4200
1 23393
1 15172
1 25787
1 14223
1 4970
1 2866
1 18135
1 1258
1 10436
1 13599
1 21295
1 25707
1 7242
1 12896
1 23209
1 7132
1 25643
1 12039
1 24582
1 15316
1 21685
1 5550
1 23990
1 23741
1 18029
1 21664
1 17827
1 22217
1 15694
1 8307
1 17108
1 10481
1 5530
1 14746
1 16467
1 7272
1 19218
1 10058
1 23764
1 18969
1 1038
1 2942
1 2728
1 11969
1 20076
1 10994
1 4695
1 885
1 7855
1 23403
1 16393
1 11480
1 7404
1 6828
1 11142
1 13424
1 6748
1 3231
1 2336
1 13360
1 6092
1 4829
1 9416
1 5097
1 6814
1 21040
1 20015
1 10951
1 1440
1 25675
1 98
1 10110
1 15865
1 143
1 2256
1 3188
1 21803
1 6952
1 25225
1 24672
1 17744
1 5523
1 23486
1 4406
1 24062
1 16105
1 21176
1 41
1 19845
1 13244
1 18985
1 10122
1 22119
1 15816
1 2596
1 6780
1 786
1 15719
1 17081
1 25802
1 2849
1 16914
1 25361
1 25057
1 15069
1 19590
1 17555
1 14506
1 9785
1 13229
1 20301
1 15825
1 6038
1 3736
1 16694
1 1014
1 19973
1 24203
1 7382
1 3580
1 11147
1 3090
1 4871
1 11086
1 12131
1 16828
1 14797
1 3265
1 3996
1 11561
1 3782
1 16065
1 17351
1 15194
1 679
1 21524
1 319
1 22154
1 20130
1 9437
1 507
1 23313
1 10629
1 23496
1 10204
1 715
1 18269
1 20494
1 5545
1 23710
1 1049
1 4056
1 12238
1 12076
1 22889
1 22935
1 11387
1 3882
1 2893
1 6545
1 7048
1 21184
1 17885
1 1115
1 4698
1 3295
1 24327
1 13365
1 24989
1 15445
1 3617
1 11995
1 3258
1 12266
1 12112
1 23876
1 20076
1 16719
1 21030
1 13869
1 417
1 21903
1 23976
1 20220
1 13644
1 22557
1 15545
1 4139
1 12391
1 23102
1 19548
1 14986
1 2731
1 155
1 14843
1 17487
1 455
1 4353
1 10469
1 25498
1 16694
1 4196
1 25873
1 6253
1 152
1 3647
1 18874
1 2561
1 20284
1 19341
1 21647
1 18246
1 21478
1 17487
1 23455
1 4996
1 10760
1 18765
1 8576
1 361
1 23140
1 1056
1 9865
1 17473
1 10516
1 13663
1 3703
1 20756
1 24841
1 508
1 15296
1 8442
1 2922
1 12341
1 21014
1 2248
1 24078
1 4936
1 16114
1 20351
1 16387
1 22889
1 18
1 4628
1 16624
1 2404
1 15094
1 25961
1 19111
1 5998
1 4754
1 9197
1 16260
1 10927
1 7015
1 6451
1 15528
1 3205
1 8576
1 20985
1 18532
1 22783
1 21479
1 18114
1 5497
1 3918
1 24764
1 5018
1 3458
1 2478
1 17582
1 146
1 3123
1 3672
1 22478
1 13338
1 20162
1 4220
1 21938
1 7017
1 2478
1 8252
1 22527
1 23086
1 19504
1 11995
1 17255
1 25794
1 12396
1 7000
1 18486
1 13389
1 7421
1 19468
1 22892
1 4360
1 20611
1 7188
1 23323
1 9702
1 24077
1 2194
1 24904
1 13663
1 22191
1 3654
1 13660
1 7031
1 3310
1 19086
1 24825
1 16314
1 10293
1 710
1 3370
1 3405
1 15337
1 14444
1 9694
1 1893
1 20560
1 205
1 18778
1 16260
1 22801
1 16395
1 8703
1 17487
1 15228
1 9478
1 23900
1 9778
1 12027
1 20986
1 20593
1 5098
1 11042
1 17190
1 17730
1 10627
1 1887
1 15769
1 5369
1 20016
1 22358
1 19590
1 5245
1 19792
1 25643
1 15064
1 25838
1 15783
1 6454
1 4652
1 22284
1 24513
1 9495
1 2674
1 17848
1 16385
1 16351
1 2118
1 9394
1 2315
1 20891
1 18909
1 4814
1 16002
1 21668
1 23858
1 21459
1 3306
1 6744
1 13023
1 12229
1 24349
1 7209
1 569
1 3056
1 14401
1 16945
1 22354
1 18696
1 20127
1 24191
1 1248
1 24560
1 19590
1 6272
1 22722
1 1036
1 8495
1 21617
1 18328
1 6394
1 12679
1 10419
1 8775
1 13846
1 2604
1 22790
1 6705
1 12490
1 2998
1 8108
1 7430
1 9807
1 14504
1 2886
1 7164
1 9741
1 16509
1 3830
1 21100
1 2387
1 6075
1 133
1 14868
1 25650
1 3162
1 3604
1 252
1 10102
1 1166
1 13751
1 4806
1 19487
1 1975
1 24588
1 13432
1 11765
1 19659
1 3131
1 17851
1 2704
1 17174
1 21061
1 11307
1 3639
1 11921
1 16703
1 4726
1 11828
1 4014
1 12776
1 17848
1 24006
1 3478
1 23776
1 255
1 23737
1 5245
1 18370
1 11453
1 21200
1 5497
1 15940
1 22298
1 15177
1 17536
1 17318
1 17337
1 865
1 6046
1 8257
1 16408
1 2584
1 11265
1 3665
1 17071
1 19754
1 11616
1 24090
1 20673
1 10862
1 213
1 10354
1 20302
1 19345
1 16793
1 4754
1 6045
1 14568
1 25938
1 680
1 3345
1 15699
1 6775
1 15694
1 9576
1 21386
1 6192
1 18176
1 10324
1 25918
1 8832
1 2316
1 6104
1 19204
1 16673
1 19628
1 11530
1 18965
1 25199
1 10027
1 24432
1 11817
1 23069
1 7017
1 15453
1 16482
1 22614
1 19549
1 18603
1 11314
1 20424
1 4710
1 5471
1 25494
1 13014
1 25062
1 16393
1 19092
1 14180
1 13546
1 5610
1 22963
1 8065
1 5524
1 22153
1 7079
1 6649
1 20269
1 8440
1 10938
1 22889
1 2248
1 18634
1 12585
1 22314
1 22707
1 10166
1 15477
1 10406
1 7039
1 5113
1 10286
1 23553
1 392
1 2835
1 21183
1 8975
1 3639
1 9867
1 24964
1 16431
1 2132
1 6427
1 16186
1 13292
1 851
1 8455
1 5783
1 16203
1 1512
1 4261
1 10989
1 23181
1 1825
1 20571
1 7922
1 21785
1 3810
1 13486
1 22792
1 15045
1 2571
1 13218
1 16242
1 17216
1 3176
1 364
1 18117
1 638
1 10043
1 13609
1 1158
1 21215
1 9470
1 14530
1 10204
1 5038
1 5611
1 1934
1 6731
1 11671
1 11024
1 25751
1 3370
1 19772
1 4574
1 8865
1 5497
1 19540
1 9360
1 14700
1 13467
1 4710
1 22230
1 16161
1 12713
1 14212
1 11236
1 8590
1 20261
1 9783
1 5267
1 19133
1 17508
1 19785
1 25332
1 8365
1 17487
1 20247
1 434
1 5516
1 2759
1 17704
1 17465
1 24290
1 320
1 12978
1 7513
1 926
1 6667
1 20468
1 21637
1 1022
1 8576
1 8862
1 24126
1 24504
1 20148
1 18960
1 18440
1 4893
1 9350
1 14062
1 17950
1 1957
1 18583
1 2546
1 7429
1 20611
1 15275
1 1220
1 19759
1 11052
1 12841
1 13599
1 19055
1 23334
1 21446
1 7402
1 5891
1 24332
1 9547
1 7101
1 20100
1 10337
1 4125
1 14738
1 5982
1 15363
1 1516
1 10253
1 21287
1 19107
1 13833
1 15957
1 24672
1 16402
1 19633
1 15033
1 9864
1 10909
1 6201
1 12472
1 20629
1 10335
1 4200
1 2332
1 17267
1 2355
1 18128
1 15791
1 7439
1 16007
1 20320
1 400
1 13226
1 17398
1 19715
1 20118
1 19590
1 12587
1 3413
1 7828
1 5601
1 9621
1 14108
1 11678
1 1151
1 16259
1 11876
1 968
1 17914
1 4936
1 7691
1 1954
1 7731
1 3022
1 22399
1 1669
1 14828
1 15143
1 19633
1 19682
1 849
1 23312
1 9760
1 20253
1 3625
1 10912
1 18440
1 24062
1 19691
1 1931
1 5260
1 16583
1 22992
1 1568
1 4886
1 24582
1 11800
1 7857
1 4592
1 19539
1 19939
1 22409
1 24889
1 20719
1 6498
1 1012
1 10467
1 16556
1 5538
1 22243
1 4397
1 1076
1 17397
1 19111
1 23485
1 18420
1 1823
1 19664
1 17949
1 17248
1 16053
1 15281
1 20727
1 8918
1 2581
1 4887
1 6188
1 16694
1 17480
1 7341
1 19159
1 2700
1 9222
1 8425
1 11503
1 7873
1 5727
1 20825
1 14348
1 23018
1 18737
1 6975
1 21239
1 2055
1 24858
1 2648
1 8924
1 6949
1 17523
1 6174
1 3598
1 25931
1 15099
1 22516
1 9046
1 888
1 14634
1 23860
1 13619
1 15601
1 24000
1 2660
1 8290
1 1435
1 17919
1 1053
1 14500
1 24589
1 7107
1 24751
1 5671
1 19769
1 3343
1 20941
1 12614
1 15104
1 2039
1 24366
1 8390
1 5543
1 18553
1 1516
1 21826
1 9021
1 3535
1 5198
1 5366
1 11975
1 9895
1 15555
1 10831
1 3332
1 6772
1 14560
1 21403
1 12356
1 5510
1 1793
1 17487
1 9146
1 16021
1 3679
1 8982
1 12703
1 17302
1 15200
1 17517
1 8182
1 19170
1 19705
1 12250
1 14591
1 2671
1 1302
1 21163
1 8331
1 3679
1 714
1 25198
1 19152
1 885
1 11825
1 10119
1 24852
1 19449
1 9222
1 5667
1 1903
1 6741
1 6092
1 3119
1 5430
1 13912
1 18594
1 22379
1 1562
1 17646
1 11536
1 25816
1 17968
1 25383
1 927
1 17615
1 19774
1 23300
1 16007
1 9778
1 17487
1 11454
1 4304
1 2847
1 6700
1 24760
1 12619
1 3076
1 23020
1 24090
1 19131
1 6475
1 19834
1 10953
1 11409
1 23456
1 12559
1 17487
1 3025
1 4071
1 7502
1 20860
1 2208
1 21279
1 12654
1 11728
1 13904
1 13855
1 19356
1 2815
1 25761
1 25847
1 18592
1 16582
1 12503
1 3678
1 6282
1 2972
1 7582
1 19927
1 11902
1 10069
1 10263
1 18735
1 9771
1 9149
1 14836
1 16049
1 15140
1 11841
1 13599
1 8520
1 17275
1 12026
1 25108
1 23838
1 19449
1 11067
1 3036
1 13107
1 17048
1 18440
1 406
1 3301
1 11429
1 13992
1 1351
1 21076
1 6226
1 17684
1 5165
1 13671
1 15453
1 8705
1 11448
1 15289
1 23897
1 5536
1 11769
1 25483
1 6141
1 21779
1 16496
1 776
1 14205
1 7981
1 18532
1 13130
1 21681
1 7251
1 6065
1 2681
1 17845
1 21728
1 6774
1 13599
1 17307
1 12033
1 9063
1 11817
1 11221
1 14108
1 11100
1 15069
1 22804
1 903
1 6565
1 14421
1 22091
1 14246
1 8438
1 11239
1 23142
1 2571
1 9900
1 17703
1 9981
1 3989
1 11360
1 19431
1 21827
1 16826
1 2419
1 16115
1 8756
1 3282
1 12094
1 1919
1 5788
1 15925
1 16472
1 19570
1 16632
1 15603
1 23507
1 1978
1 7404
1 9906
1 454
1 19305
1 25624
1 24639
1 19659
1 2985
1 18919
1 5582
1 9036
1 23217
1 21998
1 22516
1 9222
1 25643
1 3565
1 12609
1 10515
1 6409
1 15668
1 19345
1 22937
1 24401
1 3103
1 7710
1 144
1 19184
1 7615
1 11314
1 16984
1 9222
1 11314
1 19959
1 8889
1 18532
1 22840
1 18538
1 20617
1 12937
1 13471
1 336
1 15734
1 10905
1 12730
1 22868
1 14530
1 23540
1 5977
1 1697
1 21266
1 6198
1 6699
1 22234
1 6956
1 22148
1 12620
1 21076
1 8492
1 18643
1 4543
1 19019
1 15483
1 17487
1 5697
1 19365
1 25181
1 5550
1 12215
1 2248
1 17910
1 9169
1 23159
1 19867
1 12552
1 4533
1 8971
1 9571
1 8628
1 8628
1 16839
1 4549
1 19586
1 543
1 4936
1 25786
1 4296
1 24131
1 11764
1 25932
1 12680
1 12158
1 19659
1 15028
1 20220
1 7353
1 9155
1 5561
1 4754
1 18407
1 400
1 19424
1 4353
1 7578
1 7312
1 12697
1 23760
1 2233
1 24647
1 19639
1 20001
1 13426
1 19657
1 17070
1 15317
1 2571
1 21681
1 941
1 21191
1 11267
1 2638
1 19062
1 22217
1 10545
1 9222
1 11574
1 18474
1 6958
1 24431
1 3892
1 24025
1 22708
1 12766
1 6548
1 16539
1 319
1 9222
1 18419
1 18294
1 11198
1 7158
1 7020
1 1695
1 14705
1 22066
1 13211
1 22701
1 14649
1 153
1 24013
1 10468
1 3907
1 2140
1 1246
1 4680
1 3467
1 22889
1 16635
1 12842
1 21233
1 2248
1 18246
1 24090
1 15296
1 11006
1 25709
1 5103
1 19360
1 5242
1 12964
1 3958
1 14202
1 25461
1 4936
1 21838
1 19313
1 18490
1 7302
1 13935
1 10019
1 1970
1 918
1 1085
1 14593
1 6854
1 12790
1 25293
1 24884
1 22881
1 14669
1 97
1 2158
1 784
1 9109
1 2248
1 14495
1 7732
1 16260
1 17182
1 4441
1 20205
1 25058
1 2406
1 4300
1 18246
1 7510
1 25381
1 11296
1 4483
1 17699
1 4805
1 23478
1 4939
1 15854
1 25873
1 6690
1 13604
1 25475
1 2207
1 15878
1 8243
1 23881
1 24910
1 8909
1 2226
1 10011
1 10677
1 25725
1 8360
1 18847
1 6276
1 23451
1 9906
1 10769
1 22003
1 2625
1 3989
1 22233
1 2790
1 24398
1 23793
1 6654
1 8205
1 17108
1 25507
1 19772
1 22101
1 3215
1 22854
1 17106
1 19977
1 11297
1 8228
1 2189
1 1022
1 3367
1 4715
1 21710
1 18112
1 14092
1 15078
1 10693
1 11249
1 13117
1 12165
1 754
1 22303
1 8014
1 24142
1 12844
1 22116
1 25958
1 18185
1 9431
1 4044
1 12614
1 10254
1 13370
1 6369
1 13139
1 10800
1 10271
1 1823
1 8783
1 4974
1 4785
1 14931
1 15960
1 12758
1 5038
1 267
1 25825
1 7626
1 2948
1 6916
1 20450
1 4290
1 19432
1 6106
1 8803
1 1655
1 4805
1 1905
1 8982
1 4750
1 25752
1 5975
1 832
1 1814
1 12420
1 15166
1 14721
1 1878
1 23090
1 7797
1 18529
1 23207
1 10944
1 11029
1 4356
1 18328
1 4615
1 18229
1 20432
1 22672
1 2706
1 21536
1 8941
1 17205
1 17229
1 17239
1 3642
1 22658
1 21821
1 25764
1 19203
1 6798
1 1000
1 19792
1 12475
1 953
1 4200
1 2594
1 11814
1 24142
1 18015
1 20043
1 16506
1 23605
1 19024
1 18688
1 20639
1 15135
1 4050
1 2847
1 12025
1 7744
1 22108
1 2986
1 17289
1 18184
1 16350
1 419
1 138
1 714
1 13914
1 1260
1 18639
1 14997
1 14223
1 4367
1 10114
1 6245
1 17379
1 9222
1 6389
1 20664
1 4850
1 17331
1 25873
1 3053
1 12168
1 22008
1 23313
1 12219
1 6413
1 257
1 6205
1 12535
1 22110
1 6833
1 15615
1 2779
1 3883
1 15069
1 4574
1 1158
1 13068
1 18332
1 14740
1 5004
1 24142
1 860
1 22889
1 12037
1 11746
1 24533
1 21202
1 10117
1 10201
1 13710
1 25577
1 6421
1 23784
1 6870
1 16622
1 8200
1 15327
1 665
1 15992
1 7801
1 23145
1 11977
1 1148
1 7271
1 6198
1 2679
1 87
1 12317
1 1899
1 16557
1 19507
1 7969
1 11158
1 16694
1 10942
1 1960
1 15170
1 3265
1 715
1 11502
1 20206
1 18911
1 13304
1 12983
1 5982
1 1583
1 4866
1 10768
1 20557
1 12758
1 10429
1 13114
1 25709
1 22003
1 12518
1 17364
1 3706
1 8506
1 2808
1 24725
1 18915
1 19671
1 13570
1 25854
1 13396
1 23202
1 18420
1 21767
1 22625
1 5129
1 3667
1 5331
1 12549
1 9627
1 13470
1 1469
1 12070
1 19063
1 24867
1 12600
1 8576
1 23947
1 16003
1 20132
1 18152
1 888
1 23983
1 14814
1 3184
1 25460
1 25754
1 13758
1 1697
1 4478
1 4478
1 22903
1 23337
1 2558
1 13881
1 5460
1 8381
1 24704
1 2248
1 13236
1 21876
1 12999
1 24190
1 25555
1 12093
1 22952
1 2235
1 9563
1 16930
1 21637
1 17913
1 22997
1 22104
1 25873
1 59
1 23849
1 1182
1 17036
1 13133
1 18867
1 11038
1 13796
1 10734
1 21042
1 23226
1 8387
1 11840
1 1586
1 18254
1 17847
1 4050
1 14511
1 6226
1 12336
1 19832
1 4080
1 11083
1 19506
1 15053
1 11890
1 1919
1 21137
1 7202
1 25873
1 24139
1 24302
1 5995
1 13599
1 2576
1 10862
1 15914
1 25427
1 16460
1 15061
1 5618
1 6342
1 14578
1 9104
1 7312
1 11895
1 6927
1 6671
1 4571
1 7443
1 12155
1 10268
1 21006
1 19111
1 24062
1 25951
1 16979
1 11830
1 15426
1 19517
1 4058
1 5747
1 10950
1 24432
1 7770
1 11497
1 2227
1 1631
1 15200
1 15181
1 8620
1 7554
1 22889
1 562
1 21809
1 18787
1 13906
1 2144
1 23540
1 9495
1 11298
1 15277
1 17245
1 24456
1 6421
1 19659
1 21575
1 77
1 4284
1 11314
1 9439
1 3623
1 23571
1 25965
1 24652
1 3580
1 25601
1 11825
1 5914
1 22601
1 25241
1 3117
1 11001
1 4041
1 3092
1 12506
1 9025
1 1386
1 14708
1 19633
1 23507
1 9511
1 2250
1 21703
1 5788
1 3336
1 1082
1 4066
1 25053
1 19254
1 2002
1 13130
1 20682
1 7016
1 18720
1 17510
1 6777
1 24321
1 400
1 14438
1 7595
1 13109
1 6129
1 10305
1 22037
1 17670
1 9827
1 16694
1 1723
1 13928
1 5880
1 20866
1 6641
1 13171
1 8519
1 8248
1 23080
1 16281
1 7064
1 5165
1 19751
1 6048
1 2099
1 25512
1 24191
1 8441
1 5387
1 22443
1 7317
1 21000
1 8210
1 13607
1 7493
1 2840
1 14654
1 10963
1 12025
1 17397
1 14427
1 10391
1 25555
1 5163
1 8367
1 3310
1 15127
1 14478
1 14332
1 16839
1 14784
1 21827
1 15755
1 20569
1 25303
1 5121
1 23808
1 10055
1 16686
1 7421
1 3607
1 652
1 6774
1 572
1 8732
1 9547
1 7777
1 12681
1 20737
1 16996
1 24142
1 11446
1 9906
1 25133
1 15010
1 8004
1 6556
1 7561
1 5128
1 21337
1 14462
1 639
1 16586
1 18541
1 6288
1 13448
1 14021
1 20093
1 19606
1 24804
1 5907
1 3301
1 5345
1 2932
1 677
1 13926
1 16021
1 21519
1 15833
1 20206
1 4528
1 23947
1 13467
1 20727
1 14455
1 10950
1 2390
1 11322
1 20738
1 19167
1 23947
1 17778
1 20660
1 21190
1 22676
1 10284
1 631
1 23945
1 21998
1 49
1 13257
1 20866
1 9096
1 15536
1 22539
1 4888
1 3232
1 1022
1 8531
1 10986
1 3084
1 3413
1 20478
1 716
1 23415
1 9578
1 11732
1 16474
1 9397
1 16663
1 14270
1 22167
1 16936
1 21048
1 20237
1 24859
1 17968
1 13599
1 22369
1 25473
1 23113
1 21056
1 4374
1 9716
1 97
1 13855
1 25914
1 1731
1 19734
1 11004
1 20823
1 22436
1 1367
1 3128
1 2481
1 25870
1 13115
1 5407
1 3258
1 16806
1 18253
1 21739
1 11019
1 19015
1 21472
1 1970
1 2564
1 1547
1 19918
1 3566
1 10950
1 10345
1 11503
1 11370
1 12017
1 16582
1 24561
1 24904
1 3328
1 888
1 17487
1 11380
1 10236
1 14681
1 15305
1 24403
1 16173
1 17111
1 25001
1 25809
1 19170
1 921
1 12279
1 7855
1 24352
1 5240
1 16079
1 7362
1 2061
1 23215
1 12165
1 19297
1 5474
1 119
1 19751
1 7976
1 16557
1 4628
1 19194
1 10324
1 8899
1 21524
1 20310
1 10107
1 16101
1 22920
1 9976
1 10701
1 10984
1 24456
1 24094
1 14831
1 25428
1 18655
1 6870
1 22889
1 1961
1 5808
1 22297
1 24929
1 7849
1 3042
1 24186
1 17388
1 16876
1 327
1 2149
1 2756
1 3918
1 2216
1 19863
1 12453
1 19396
1 12860
1 4621
1 24142
1 7654
1 3670
1 4055
1 10913
1 3092
1 10354
1 13881
1 18651
1 8677
1 13537
1 7062
1 14681
1 17487
1 19959
1 20728
1 6945
1 23717
1 16694
1 523
1 15521
1 1807
1 15649
1 9773
1 9741
1 475
1 18508
1 22503
1 25487
1 10324
1 3879
1 8865
1 772
1 22549
1 4556
1 25210
1 9088
1 7400
1 22983
1 9063
1 21998
1 11211
1 17239
1 1525
1 17473
1 11056
1 18230
1 16826
1 17602
1 12995
1 23507
1 8772
1 7223
1 5721
1 13943
1 7874
1 18176
1 1709
1 3179
1 24907
1 1054
1 6914
1 6408
1 17395
1 3403
1 12209
1 18169
1 2190
1 17881
1 9800
1 6226
1 24785
1 9222
1 5334
1 20626
1 12079
1 9050
1 24669
1 12669
1 22854
1 24113
1 21469
1 5458
1 14754
1 118
1 18968
1 19940
1 22516
1 2726
1 7339
1 19898
1 17983
1 25157
1 25885
1 16479
1 20888
1 11367
1 22889
1 24090
1 4986
1 25702
1 20611
1 14524
1 16376
1 11302
1 2496
1 22925
1 17942
1 18080
1 17710
1 18141
1 10800
1 5544
1 5197
1 20264
1 5715
1 12025
1 3127
1 16651
1 16248
1 8125
1 20243
1 21724
1 19018
1 4959
1 1893
1 17822
1 22516
1 19696
1 22443
1 9063
1 21999
1 564
1 22889
1 15622
1 7091
1 20593
1 10942
1 7955
1 2753
1 14360
1 2762
1 20076
1 814
1 20248
1 20287
1 4825
1 849
1 21749
1 5267
1 15225
1 5089
1 23954
1 13900
1 13523
1 3374
1 20666
1 24663
1 15109
1 16506
1 245
1 13855
1 8648
1 22933
1 8628
1 9095
1 22027
1 10077
1 1044
1 2002
1 3989
1 15407
1 13660
1 13505
1 1640
1 14100
1 16006
1 13130
1 3484
1 10891
1 10942
1 23119
1 22925
1 20760
1 19157
1 16671
1 2954
1 1755
1 12397
1 1985
1 16694
1 455
1 9906
1 7330
1 15102
1 18005
1 25929
1 9659
1 5173
1 565
1 20611
1 13331
1 25873
1 20593
1 16408
1 25050
1 10487
1 15791
1 2674
1 19517
1 1555
1 12191
1 24530
1 10565
1 14530
1 18865
1 22479
1 22621
1 17778
1 4540
1 25068
1 9054
1 2662
1 23360
1 14402
1 10524
1 9747
1 20961
1 21114
1 17516
1 18033
1 2379
1 23399
1 12040
1 13622
1 22122
1 6771
1 11428
1 20678
1 3956
1 538
1 17850
1 10977
1 15637
1 17977
1 14751
1 23671
1 1961
1 21052
1 25756
1 718
1 10627
1 6704
1 13896
1 3215
1 5214
1 10788
1 19348
1 10896
1 8448
1 24142
1 14683
1 144
1 680
1 12342
1 15615
1 19950
1 4154
1 9759
1 22026
1 20353
1 11022
1 11092
1 25225
1 6170
1 3924
1 3928
1 5778
1 16260
1 659
1 14001
1 5369
1 19176
1 8143
1 6049
1 12079
1 17600
1 712
1 23540
1 11104
1 6891
1 24751
1 11083
1 22527
1 23409
1 5882
1 6013
1 4611
1 2671
1 20538
1 22233
1 7324
1 236
1 13220
1 24928
1 22889
1 16234
1 7794
1 22420
1 17203
1 13858
1 21024
1 10696
1 1361
1 13590
1 20396
1 8419
1 7208
1 23235
1 3307
1 21337
1 17455
1 14433
1 19078
1 23649
1 13466
1 12155
1 17534
1 17487
1 18895
1 20133
1 19609
1 14108
1 3461
1 13803
1 17487
1 24248
1 18236
1 19786
1 10931
1 2005
1 2674
1 2533
1 11343
1 15542
1 12874
1 3356
1 13036
1 8407
1 22191
1 18900
1 23777
1 13858
1 23550
1 653
1 21063
1 12679
1 12189
1 17715
1 19469
1 17560
1 11432
1 11635
1 14111
1 16506
1 25905
1 16729
1 6033
1 15808
1 21306
1 14315
1 22167
1 2140
1 2248
1 13924
1 21828
1 23941
1 16936
1 13056
1 6369
1 17794
1 16730
1 5348
1 3844
1 2791
1 7955
1 16694
1 3281
1 17487
1 21075
1 23594
1 15026
1 18670
1 12060
1 6888
1 16456
1 665
1 5671
1 20391
1 21103
1 24427
1 20417
1 5513
1 11027
1 6609
1 5823
1 5518
1 16153
1 9599
1 5665
1 5727
1 9065
1 3989
1 11530
1 59
1 22339
1 4395
1 24431
1 12549
1 13985
1 22022
1 4192
1 15505
1 25485
1 15688
1 843
1 23425
1 14469
1 19494
1 4234
1 5035
1 6198
1 11776
1 764
1 8167
1 12277
1 12236
1 23175
1 18446
1 13418
1 5711
1 2976
1 17985
1 6516
1 16661
1 1010
1 153
1 9127
1 153
1 6570
1 15346
1 4394
1 9386
1 2085
1 12608
1 15384
1 11936
1 1246
1 19511
1 2322
1 18052
1 5609
1 11773
1 12279
1 18737
1 21521
1 20498
1 24723
1 4594
1 21804
1 4723
1 16349
1 20775
1 20365
1 19078
1 23548
1 19132
1 7307
1 12401
1 2571
1 17502
1 6980
1 13662
1 18507
1 6070
1 16879
1 20859
1 12798
1 25204
1 23299
1 10513
1 12050
1 9119
1 4188
1 18685
1 12093
1 14461
1 19382
1 23360
1 15317
1 265
1 1046
1 7584
1 7843
1 23337
1 16084
1 6656
1 19574
1 10884
1 25389
1 16387
1 17487
1 4994
1 17650
1 22447
1 7270
1 25003
1 22129
1 16694
1 20961
1 15284
1 17388
1 7330
1 22889
1 25040
1 9222
1 11673
1 13223
1 18543
1 1370
1 23140
1 3959
1 3206
1 18266
1 12156
1 22314
1 23356
1 16678
1 6735
1 8877
1 2644
1 10097
1 4109
1 20755
1 8576
1 24553
1 4936
1 17487
1 6582
1 16675
1 21326
1 21403
1 23369
1 488
1 6592
1 23337
1 17036
1 6329
1 20714
1 10941
1 1415
1 2310
1 16470
1 12667
1 10950
1 5440
1 17841
1 17145
1 6260
1 607
1 25968
1 9222
1 18630
1 4550
1 16625
1 23993
1 3430
1 1413
1 9599
1 12266
1 10552
1 15258
1 10990
1 12486
1 24789
1 25045
1 18328
1 2159
1 21950
1 145
1 16140
1 23260
1 2825
1 16129
1 1506
1 9437
1 3350
1 11377
1 1882
1 5803
1 21855
1 8257
1 6877
1 14153
1 5548
1 23113
1 16727
1 18328
1 20926
1 15275
1 2111
1 7685
1 14891
1 8641
1 18328
1 23044
1 18579
1 7329
1 10627
1 24341
1 284
1 25413
1 13824
1 23480
1 15303
1 15061
1 24527
1 7871
1 1608
1 2131
1 17840
1 66
1 19531
1 24885
1 6441
1 18670
1 5788
1 8292
1 14340
1 12219
1 563
1 12677
1 6645
1 12680
1 19092
1 11460
1 8764
1 2366
1 23971
1 19621
1 2197
1 5664
1 16345
1 23313
1 14504
1 25485
1 15303
1 14532
1 11957
1 15483
1 5491
1 8551
1 4610
1 14467
1 11052
1 8217
1 18483
1 18537
1 24013
1 1452
1 4586
1 2336
1 7857
1 18227
1 21217
1 17906
1 15206
1 5190
1 13358
1 16035
1 11041
1 16751
1 6033
1 25882
1 17042
1 23861
1 9086
1 4545
1 19818
1 19111
1 4524
1 16841
1 19175
1 18792
1 109
1 8082
1 6247
1 23704
1 9222
1 11758
1 3995
1 12756
1 23175
1 10866
1 15829
1 3448
1 5905
1 11260
1 12009
1 23439
1 23083
1 20138
1 10429
1 24553
1 16213
1 17347
1 9867
1 18011
1 6609
1 19447
1 6116
1 19786
1 2791
1 12806
1 3303
1 25709
1 3223
1 22217
1 2762
1 9970
1 9668
1 20087
1 21959
1 17839
1 22192
1 10019
1 7725
1 5129
1 9307
1 20747
1 25246
1 3985
1 7368
1 24142
1 16597
1 25273
1 17303
1 13505
1 23383
1 774
1 2293
1 3892
1 6173
1 19432
1 14445
1 9616
1 16333
1 11237
1 12098
1 3476
1 3061
1 17193
1 20642
1 10493
1 1691
1 17273
1 23499
1 6351
1 6282
1 9548
1 9906
1 2674
1 2254
1 16345
1 25433
1 25787
1 3675
1 3625
1 11941
1 2571
1 12150
1 12035
1 16079
1 20905
1 6916
1 3592
1 20982
1 10561
1 3566
1 19856
1 10678
1 18310
1 9718
1 9778
1 19865
1 5224
1 25418
1 6939
1 11727
1 24090
1 8544
1 10888
1 2178
1 17407
1 5039
1 6767
1 13211
1 1304
1 23188
1 7311
1 11552
1 6705
1 18670
1 10990
1 7285
1 16458
1 17210
1 5788
1 9548
1 18981
1 12705
1 9526
1 4950
1 6071
1 23242
1 14650
1 24398
1 24142
1 4394
1 17487
1 11505
1 24191
1 357
1 2119
1 19111
1 5747
1 4733
1 23586
1 22346
1 14438
1 20307
1 12797
1 13277
1 17013
1 13234
1 13746
1 21003
1 18630
1 4754
1 18436
1 21196
1 15184
1 2250
1 10017
1 19865
1 22330
1 22665
1 22631
1 20407
1 25929
1 8982
1 17376
1 10426
1 2162
1 8182
1 20727
1 16694
1 6870
1 10386
1 12998
1 9257
1 5806
1 24251
1 20462
1 13123
1 14140
1 2198
1 24456
1 20611
1 25787
1 19754
1 20337
1 11752
1 23864
1 16709
1 1480
1 22937
1 6916
1 22762
1 15296
1 24905
1 10947
1 24879
1 233
1 22332
1 18704
1 24541
1 10354
1 3347
1 4516
1 19959
1 15407
1 17036
1 15094
1 21018
1 19382
1 8982
1 14933
1 787
1 4333
1 24740
1 20464
1 287
1 18665
1 12730
1 2772
1 17487
1 21336
1 18065
1 10636
1 24954
1 1741
1 8866
1 10671
1 21998
1 20465
1 15202
1 9423
1 10215
1 10563
1 13992
1 21076
1 5414
1 16134
1 18212
1 4896
1 4058
1 19877
1 287
1 6929
1 17699
1 3190
1 18634
1 24025
1 7528
1 16768
1 14666
1 16567
1 746
1 7126
1 2924
1 7700
1 18630
1 19974
1 9491
1 15065
1 9929
1 71
1 5858
1 12079
1 22910
1 3819
1 25593
1 8577
1 10021
1 20311
1 1897
1 23393
1 4901
1 20312
1 15492
1 25070
1 19086
1 13917
1 24276
1 14630
1 8785
1 13751
1 12194
1 14461
1 14688
1 16995
1 1041
1 2415
1 4718
1 14061
1 193
1 14108
1 5891
1 8546
1 11373
1 4837
1 11027
1 10921
1 24258
1 23329
1 11441
1 11104
1 24786
1 15025
1 1586
1 18953
1 10063
1 10415
1 2077
1 4620
1 15239
1 23627
1 3519
1 13812
1 8120
1 15959
1 18566
1 22587
1 16941
1 3749
1 2082
1 18141
1 6483
1 2881
1 14341
1 24706
1 22877
1 25028
1 12888
1 15829
1 17387
1 14649
1 7453
1 9800
1 3166
1 2810
1 10647
1 118
1 16694
1 13926
1 2511
1 16280
1 5586
1 8764
1 652
1 3907
1 12400
1 19854
1 24523
1 6913
1 12483
1 3433
1 2323
1 24191
1 355
1 6083
1 24817
1 16584
1 21706
1 15053
1 4869
1 7286
1 16956
1 8059
1 24499
1 7317
1 16582
1 23016
1 5514
1 17487
1 2734
1 7193
1 22501
1 10989
1 4223
1 5129
1 22889
1 11311
1 1888
1 6637
1 7819
1 10107
1 2762
1 6181
1 1921
1 5338
1 20634
1 13537
1 11905
1 15820
1 19808
1 23480
1 8177
1 21727
1 16694
1 16498
1 6420
1 5986
1 18068
1 561
1 23599
1 5537
1 12607
1 11960
1 23608
1 15080
1 5609
1 3041
1 18592
1 23685
1 9432
1 4876
1 16422
1 16825
1 8682
1 17194
1 25873
1 25298
1 14842
1 16955
1 8000
1 2780
1 22889
1 5479
1 16388
1 23422
1 3546
1 24935
1 22945
1 17487
1 4007
1 3936
1 8725
1 1082
1 2404
1 4353
1 25518
1 23641
1 23913
1 16727
1 2538
1 25418
1 3764
1 25715
1 8950
1 13644
1 22951
1 6226
1 716
1 15734
1 22889
1 1462
1 23103
1 10005
1 12679
1 15562
1 8769
1 7382
1 25517
1 15761
1 15889
1 1691
1 8145
1 21935
1 21194
1 19113
1 21170
1 5568
1 16210
1 11111
1 5850
1 5991
1 24682
1 6790
1 23605
1 1921
1 16446
1 17321
1 18876
1 10051
1 16944
1 8291
1 3577
1 3446
1 19345
1 20544
1 5719
1 16351
1 23971
1 7209
1 8962
1 24878
1 23026
1 20652
1 839
1 6226
1 19104
1 605
1 22889
1 19559
1 19989
1 13528
1 24672
1 2149
1 25933
1 25365
1 6245
1 7720
1 16105
1 20652
1 8038
1 2056
1 13153
1 9104
1 24974
1 2853
1 7120
1 18086
1 14669
1 1786
1 13198
1 24427
1 23960
1 16542
1 21234
1 19403
1 12023
1 15061
1 9816
1 4883
1 17552
1 11867
1 25049
1 20494
1 17860
1 19303
1 22973
1 21252
1 21455
1 25361
1 4754
1 19865
1 24561
1 17733
1 21633
1 2654
1 22504
1 23336
1 21944
1 22172
1 3336
1 12714
1 8005
1 4974
1 1921
1 25916
1 8793
1 13710
1 23055
1 9905
1 8865
1 305
1 12989
1 8820
1 10523
1 4873
1 24059
1 15619
1 13592
1 1483
1 15835
1 13339
1 3131
1 22641
1 13926
1 5155
1 2990
1 5902
1 10734
1 17933
1 213
1 24476
1 6946
1 22650
1 24955
1 3898
1 18558
1 9381
1 2644
1 19449
1 24456
1 2667
1 6226
1 13299
1 5881
1 22889
1 6815
1 7732
1 15946
1 24476
1 2181
1 4374
1 20978
1 25048
1 20162
1 16183
1 14669
1 6356
1 5714
1 5954
1 14697
1 17045
1 25165
1 17198
1 21202
1 14161
1 13802
1 4574
1 24357
1 4733
1 20936
1 13751
1 24548
1 9432
1 18247
1 1629
1 24322
1 19461
1 16914
1 25633
1 17323
1 21412
1 9700
1 13381
1 5171
1 5744
1 24553
1 2886
1 7209
1 17699
1 2816
1 21612
1 12250
1 25347
1 17699
1 18351
1 23101
1 16739
1 1440
1 10689
1 9620
1 3386
1 21957
1 23393
1 5236
1 10823
1 20771
1 7108
1 12922
1 11500
1 20859
1 9050
1 20170
1 236
1 20899
1 5030
1 15103
1 16384
1 5244
1 2203
1 13858
1 10611
1 16653
1 13604
1 253
1 772
1 4600
1 10950
1 9944
1 23086
1 19111
1 20694
1 2853
1 6923
1 5982
1 20755
1 16482
1 17332
1 2121
1 11905
1 16750
1 8074
1 24813
1 17036
1 19389
1 970
1 1620
1 25015
1 14180
1 6472
1 16386
1 14108
1 19633
1 5932
1 523
1 23571
1 23442
1 2592
1 14700
1 25099
1 19533
1 20528
1 10654
1 13810
1 10909
1 780
1 44
1 6958
1 8997
1 23709
1 24694
1 10468
1 8076
1 20015
1 11433
1 6318
1 17702
1 5258
1 14478
1 20707
1 2059
1 8328
1 17710
1 5893
1 9838
1 11189
1 13501
1 7535
1 25223
1 15849
1 19392
1 13619
1 19345
1 16017
1 5003
1 22026
1 18042
1 24553
1 20772
1 5982
1 4594
1 10136
1 18328
1 4675
1 25143
1 20660
1 7871
1 13228
1 19548
1 6421
1 9936
1 19899
1 12098
1 8576
1 4778
1 14447
1 6013
1 18592
1 15186
1 21024
1 5684
1 19590
1 12025
1 25768
1 23767
1 21019
1 6092
1 1888
1 24396
1 19786
1 10694
1 20071
1 17108
1 19221
1 13599
1 10513
1 19219
1 21169
1 4153
1 12874
1 2059
1 8151
1 8351
1 18420
1 20498
1 2571
1 6066
1 5690
1 12632
1 7242
1 19533
1 5777
1 4101
1 16242
1 1788
1 24534
1 10647
1 21951
1 400
1 25709
1 1896
1 13953
1 20287
1 1506
1 16807
1 1817
1 13917
1 2980
1 21429
1 20451
1 1012
1 5992
1 665
1 2493
1 7955
1 1339
1 7652
1 19699
1 20549
1 16496
1 8035
1 15074
1 25875
1 1826
1 94
1 16075
1 456
1 14390
1 23732
1 20810
1 8299
1 16138
1 1361
1 16995
1 4469
1 10496
1 4457
1 5214
1 13412
1 6893
1 13434
1 24912
1 24651
1 262
1 13643
1 25347
1 20810
1 17183
1 4030
1 2861
1 1423
1 24534
1 14712
1 2404
1 1203
1 5891
1 12516
1 15190
1 17518
1 495
1 2233
1 14426
1 12747
1 17437
1 22187
1 6661
1 23417
1 16234
1 13855
1 25873
1 19092
1 22722
1 19201
1 17364
1 7588
1 23186
1 10436
1 3187
1 12167
1 3536
1 2486
1 13505
1 16694
1 4901
1 12598
1 1541
1 14168
1 6857
1 11634
1 4839
1 9001
1 11666
1 12918
1 17274
1 9511
1 15515
1 1842
1 9939
1 16793
1 19909
1 19078
1 10760
1 18600
1 7655
1 19976
1 9664
1 20734
1 23462
1 2233
1 18143
1 4214
1 20413
1 19187
1 10815
1 18383
1 11607
1 272
1 21490
1 1339
1 906
1 19915
1 15952
1 714
1 5295
1 11998
1 21673
1 14507
1 22264
1 3833
1 23646
1 11194
1 13754
1 12688
1 1716
1 12766
1 6804
1 18491
1 9875
1 7250
1 25511
1 346
1 18878
1 7905
1 16596
1 1736
1 21699
1 24989
1 390
1 18054
1 25652
1 1823
1 17102
1 20528
1 18486
1 13058
1 21887
1 15069
1 9222
1 4572
1 10864
1 5857
1 15545
1 14223
1 4567
1 13861
1 4028
1 14730
1 12079
1 13599
1 1607
1 4726
1 17830
1 3681
1 25664
1 21170
1 3476
1 18876
1 25219
1 5788
1 3956
1 9648
1 1048
1 13430
1 18160
1 25928
1 18832
1 3918
1 13257
1 3625
1 10324
1 11930
1 22522
1 16254
1 12142
1 4742
1 4906
1 12346
1 17169
1 25749
1 1011
1 516
1 8007
1 5165
1 15296
1 14404
1 5891
1 13296
1 9431
1 5516
1 25920
1 9222
1 10546
1 13785
1 9913
1 17824
1 3626
1 15284
1 22569
1 5797
1 25845
1 3428
1 23546
1 15844
1 18737
1 23746
1 17487
1 2401
1 23341
1 4533
1 22379
1 2815
1 16730
1 7034
1 12250
1 16835
1 20764
1 15452
1 22609
1 18669
1 10105
1 14914
1 1433
1 1039
1 11627
1 6774
1 9236
1 25064
1 6312
1 23633
1 16966
1 1905
1 9571
1 22077
1 23266
1 14631
1 4873
1 15296
1 2641
1 2879
1 23215
1 15949
1 19111
1 629
1 22516
1 12342
1 11776
1 3679
1 17105
1 7224
1 13599
1 715
1 13793
1 13420
1 9197
1 7120
1 10809
1 138
1 9603
1 17674
1 20449
1 9678
1 16692
1 15829
1 24820
1 25405
1 8820
1 22233
1 12373
1 15749
1 8353
1 6668
1 22811
1 5237
1 2853
1 6052
1 20404
1 22889
1 7731
1 10271
1 5115
1 16027
1 22286
1 6637
1 16254
1 10476
1 1557
1 11130
1 3053
1 15321
1 7758
1 15316
1 21866
1 14009
1 14957
1 517
1 25013
1 10117
1 14258
1 14075
1 25226
1 24519
1 16070
1 25664
1 24142
1 5038
1 1012
1 3788
1 19919
1 10446
1 10990
1 15073
1 716
1 9664
1 12454
1 18342
1 23441
1 12913
1 24381
1 22223
1 25015
1 14688
1 5318
1 24792
1 13171
1 18064
1 18319
1 17742
1 13303
1 18440
1 9381
1 3357
1 21508
1 8423
1 14561
1 15949
1 21932
1 15407
1 802
1 3117
1 17487
1 5892
1 13467
1 16413
1 11231
1 24436
1 1540
1 22516
1 8108
1 24231
1 15729
1 15138
1 25675
1 17239
1 27
1 5572
1 18585
1 18585
1 5109
1 17229
1 16254
1 12352
1 22889
1 9558
1 9811
1 7397
1 6685
1 18820
1 21503
1 9547
1 13675
1 23186
1 2920
1 5865
1 8466
1 13303
1 12961
1 15722
1 13248
1 13904
1 21514
1 19545
1 6801
1 17997
1 20760
1 7083
1 16793
1 13292
1 24264
1 9355
1 25870
1 257
1 20468
1 5292
1 22568
1 22352
1 17304
1 9571
1 17007
1 24945
1 18558
1 364
1 7107
1 6369
1 18035
1 63
1 25225
1 14161
1 21502
1 14871
1 15415
1 1741
1 1823
1 13610
1 25643
1 20641
1 7149
1 6192
1 17284
1 11098
1 19590
1 1081
1 24229
1 16114
1 15878
1 7392
1 23348
1 16846
1 11004
1 18544
1 12012
1 9050
1 15732
1 19925
1 19590
1 17487
1 17487
1 19345
1 13668
1 24028
1 20401
1 13926
1 19574
1 18461
1 4429
1 22410
1 17908
1 25619
1 14270
1 12137
1 21998
1 16018
1 9590
1 25651
1 11920
1 15457
1 5117
1 19372
1 11910
1 21938
1 9127
1 10719
1 13963
1 19633
1 51
1 19432
1 24786
1 3886
1 23312
1 19976
1 264
1 22902
1 19432
1 444
1 25901
1 13383
1 13257
1 16919
1 23386
1 16308
1 10345
1 8189
1 20387
1 12060
1 19149
1 22889
1 13599
1 9350
1 20450
1 12174
1 15734
1 7722
1 12818
1 9994
1 3735
1 9222
1 19865
1 7784
1 9242
1 10324
1 15477
1 15649
1 25160
1 22804
1 3476
1 23009
1 25028
1 15914
1 16053
1 17018
1 212
1 8997
1 20816
1 1244
1 14108
1 15564
1 20384
1 19722
1 8935
1 2404
1 7870
1 7995
1 25604
1 23055
1 5730
1 15415
1 12771
1 2944
1 13465
1 5665
1 3073
1 14713
1 20710
1 9208
1 5665
1 8707
1 13771
1 22889
1 16891
1 7657
1 25188
1 8531
1 3115
1 988
1 2520
1 11156
1 4801
1 7453
1 504
1 19016
1 18419
1 22211
1 6818
1 114
1 23114
1 6633
1 416
1 10627
1 24019
1 19588
1 6073
1 15028
1 8173
1 2762
1 10951
1 17071
1 7955
1 8331
1 2754
1 9134
1 17305
1 8796
1 9222
1 9584
1 17970
1 5613
1 2636
1 12007
1 13464
1 10909
1 22352
1 13935
1 1292
1 22889
1 2252
1 17487
1 3498
1 1392
1 9678
1 999
1 6914
1 18665
1 12639
1 11212
1 11953
1 25873
1 5788
1 7568
1 7732
1 8992
1 714
1 4612
1 18737
1 10669
1 22711
1 21248
1 21497
1 1383
1 24024
1 6284
1 25057
1 1973
1 17179
1 407
1 13328
1 6369
1 12749
1 9222
1 11029
1 5610
1 7794
1 7275
1 3749
1 19330
1 4717
1 10286
1 246
1 9853
1 5950
1 24377
1 6528
1 6273
1 2017
1 15348
1 6744
1 22003
1 16125
1 5773
1 4111
1 16793
1 4410
1 9853
1 20945
1 11242
1 7780
1 23941
1 16210
1 1886
1 18306
1 10131
1 14949
1 1731
1 23375
1 7147
1 11514
1 19808
1 15764
1 12790
1 9643
1 4977
1 13899
1 7447
1 1278
1 6659
1 21739
1 22242
1 4109
1 12342
1 24783
1 12155
1 10296
1 16038
1 145
1 16319
1 21196
1 20550
1 22889
1 11574
1 23451
1 5488
1 25810
1 20129
1 16249
1 15615
1 11657
1 7180
1 2581
1 19633
1 7085
1 15458
1 17487
1 24593
1 138
1 21533
1 4335
1 4333
1 6181
1 2172
1 19347
1 5785
1 15295
1 2232
1 15653
1 15053
1 19940
1 25015
1 3290
1 20384
1 997
1 17857
1 17487
1 2035
1 16993
1 16997
1 25418
1 8232
1 23959
1 14933
1 5702
1 20790
1 21420
1 24783
1 24806
1 3592
1 11295
1 12129
1 3505
1 4714
1 19002
1 14730
1 23828
1 3918
1 18240
1 19111
1 22385
1 13505
1 6721
1 23507
1 3612
1 9644
1 18613
1 1598
1 10538
1 95
1 16927
1 10183
1 15369
1 22926
1 13892
1 15862
1 16909
1 14364
1 25933
1 13465
1 6038
1 265
1 22401
1 715
1 7377
1 23646
1 435
1 21486
1 22819
1 14747
1 25667
1 6877
1 4764
1 2571
1 25789
1 22263
1 15137
1 22516
1 9576
1 23086
1 21299
1 25825
1 9423
1 25477
1 12178
1 19889
1 4560
1 19190
1 15999
1 12758
1 21627
1 12840
1 19767
1 12288
1 19659
1 13799
1 20863
1 21205
1 23003
1 4873
1 24882
1 6038
1 19204
1 23379
1 24671
1 4960
1 18514
1 18244
1 15069
1 9318
1 6198
1 16117
1 21202
1 5080
1 12619
1 22539
1 2692
1 8785
1 22458
1 17851
1 565
1 25809
1 18627
1 8950
1 8495
1 1198
1 13618
1 7732
1 7164
1 13866
1 19190
1 15518
1 15132
1 21885
1 5788
1 8398
1 1800
1 7376
1 20129
1 11128
1 22685
1 1902
1 25452
1 9548
1 11507
1 20254
1 25838
1 14097
1 8343
1 10942
1 8792
1 23737
1 715
1 17723
1 19808
1 8135
1 8596
1 10732
1 2613
1 13044
1 8492
1 5436
1 19980
1 7436
1 3592
1 12135
1 4674
1 22233
1 13339
1 14362
1 9608
1 9650
1 4763
1 23337
1 16706
1 5747
1 22326
1 14194
1 17699
1 14160
1 8295
1 1082
1 5497
1 3493
1 17036
1 15029
1 24395
1 8726
1 25627
1 14681
1 10069
1 7824
1 16030
1 24090
1 638
1 21746
1 1185
1 9222
1 24369
1 9637
1 8683
1 16154
1 10950
1 25899
1 7542
1 5086
1 20160
1 17487
1 9462
1 16557
1 3418
1 7180
1 5316
1 23694
1 3831
1 1766
1 18440
1 12231
1 19507
1 16008
1 24741
1 500
1 24166
1 17760
1 6480
1 12181
1 6650
1 12948
1 13529
1 13180
1 13128
1 2642
1 18034
1 24033
1 2680
1 19772
1 23105
1 11449
1 19588
1 17487
1 714
1 17733
1 20202
1 10466
1 10306
1 19638
1 11346
1 25709
1 13149
1 25622
1 10254
1 3609
1 25413
1 9930
1 399
1 9574
1 10669
1 17481
1 20324
1 21607
1 742
1 9222
1 24132
1 16694
1 16248
1 245
1 15431
1 11716
1 5834
1 5784
1 10499
1 9982
1 17924
1 712
1 19774
1 20829
1 19754
1 10814
1 24844
1 25940
1 2711
1 6745
1 5165
1 25199
1 23026
1 23364
1 18524
1 6031
1 5746
1 10895
1 7164
1 18820
1 9859
1 25499
1 25309
1 6870
1 24990
1 23055
1 4964
1 3205
1 14425
1 4080
1 16725
1 7364
1 21673
1 10346
1 3892
1 22908
1 971
1 9222
1 19606
1 7584
1 24637
1 7549
1 25921
1 21169
1 14269
1 4340
1 15861
1 19946
1 25665
1 22910
1 12679
1 4357
1 23898
1 16792
1 10990
1 16694
1 12353
1 15246
1 15992
1 18091
1 13629
1 15053
1 17384
1 16620
1 19531
1 249
1 24639
1 18832
1 13808
1 18344
1 2880
1 9495
1 14933
1 16409
1 6705
1 15791
1 7923
1 11128
1 21082
1 1294
1 13210
1 16591
1 2446
1 17146
1 9188
1 5344
1 409
1 21073
1 15186
1 11052
1 20100
1 17672
1 20166
1 9773
1 16931
1 15635
1 20020
1 715
1 13961
1 22131
1 4244
1 3293
1 12680
1 18338
1 23695
1 9231
1 8816
1 3386
1 13533
1 22921
1 10025
1 24639
1 6701
1 3449
1 5310
1 7958
1 15202
1 8365
1 25873
1 22846
1 6144
1 22832
1 9689
1 19679
1 18068
1 14323
1 17646
1 19166
1 20835
1 5215
1 1846
1 21023
1 4547
1 16557
1 24744
1 9865
1 16826
1 5985
1 19118
1 15791
1 9367
1 22935
1 9222
1 2660
1 12734
1 20314
1 2718
1 14035
1 21681
1 15285
1 9222
1 10061
1 17393
1 1212
1 16311
1 13751
1 12607
1 10800
1 12884
1 18721
1 9014
1 10461
1 4740
1 8464
1 22060
1 14254
1 13728
1 16423
1 13325
1 1200
1 20848
1 17487
1 5222
1 10779
1 25386
1 16506
1 2728
1 8832
1 6437
1 17696
1 16296
1 19583
1 19754
1 12025
1 1428
1 6175
1 12359
1 3310
1 6628
1 17487
1 24523
1 341
1 14726
1 7778
1 577
1 18980
1 25921
1 9495
1 24427
1 19345
1 4360
1 11477
1 400
1 2003
1 3886
1 24888
1 11838
1 11008
1 15221
1 7637
1 24166
1 22958
1 20880
1 3898
1 10411
1 15632
1 2642
1 24401
1 3360
1 5427
1 6270
1 18598
1 21258
1 4672
1 19633
1 24385
1 15013
1 3016
1 15289
1 2660
1 22889
1 1579
1 19494
1 23354
1 9321
1 11530
1 25199
1 1759
1 8372
1 11718
1 4067
1 6821
1 6181
1 25348
1 23057
1 13724
1 18049
1 10989
1 22396
1 8628
1 11000
1 1141
1 17487
1 11146
1 19360
1 10436
1 11530
1 10195
1 1766
1 22923
1 23590
1 19272
1 4328
1 20639
1 3874
1 8094
1 12114
1 18270
1 22548
1 25664
1 2952
1 5788
1 5306
1 11293
1 830
1 14054
1 25117
1 8663
1 506
1 8929
1 506
1 3022
1 3831
1 12460
1 19754
1 19867
1 14065
1 23540
1 11413
1 4669
1 11739
1 233
1 18379
1 19469
1 19470
1 1183
1 24674
1 22167
1 76
1 18299
1 9526
1 11113
1 23832
1 8042
1 2983
1 11537
1 13754
1 675
1 9648
1 19345
1 11825
1 1144
1 3580
1 4549
1 5982
1 11194
1 20568
1 14454
1 7066
1 8544
1 85
1 17102
1 12541
1 9222
1 4101
1 21076
1 9358
1 9327
1 17487
1 1844
1 6567
1 16821
1 16253
1 3164
1 10058
1 22711
1 24764
1 19909
1 18632
1 6205
1 8135
1 16500
1 18630
1 196
1 22870
1 5892
1 17487
1 25215
1 23952
1 14908
1 3384
1 12552
1 24889
1 25709
1 968
1 8830
1 19213
1 10502
1 356
1 19011
1 15637
1 9063
1 16862
1 19940
1 5090
1 99
1 11738
1 23019
1 9750
1 6096
1 14744
1 21086
1 2291
1 21417
1 18500
1 20323
1 7214
1 20548
1 3438
1 19487
1 21642
1 14656
1 14579
1 10800
1 8470
1 15332
1 6218
1 15334
1 13278
1 10305
1 18420
1 8420
1 1922
1 1525
1 23419
1 12316
1 4754
1 25555
1 6092
1 17434
1 19574
1 20640
1 16961
1 9801
1 12091
1 12279
1 888
1 19586
1 24880
1 12189
1 19877
1 16846
1 25097
1 9207
1 23672
1 16408
1 14269
1 13599
1 2706
1 6706
1 1046
1 11640
1 9242
1 5240
1 20421
1 22883
1 2607
1 23879
1 2674
1 20650
1 17426
1 17247
1 17920
1 6627
1 967
1 5665
1 18246
1 9988
1 17388
1 9511
1 2636
1 19740
1 15407
1 11438
1 8910
1 3566
1 5386
1 12544
1 10803
1 16606
1 9222
1 20494
1 23113
1 6744
1 14066
1 17634
1 4895
1 17858
1 9283
1 23179
1 13754
1 4456
1 7427
1 7364
1 25908
1 10254
1 24870
1 11886
1 15373
1 16393
1 20794
1 25550
1 4331
1 21105
1 2823
1 15069
1 10401
1 14646
1 1248
1 8810
1 1577
1 3131
1 23106
1 8982
1 1358
1 16642
1 3062
1 6916
1 22271
1 2738
1 8529
1 8374
1 16828
1 20247
1 3580
1 616
1 20611
1 4084
1 17335
1 16094
1 22614
1 23540
1 6478
1 8971
1 3883
1 857
1 265
1 11728
1 8219
1 14187
1 22614
1 10675
1 23480
1 12758
1 19111
1 23230
1 9664
1 16013
1 16826
1 16349
1 9705
1 4626
1 17316
1 19879
1 20266
1 10481
1 3119
1 4979
1 19041
1 25643
1 12339
1 538
1 24002
1 19111
1 19458
1 14654
1 15094
1 8628
1 12025
1 19229
1 18672
1 8185
1 8419
1 18907
1 19092
1 21055
1 12659
1 1167
1 14403
1 2248
1 23055
1 14223
1 14673
1 18563
1 3700
1 12901
1 22817
1 8406
1 22711
1 22713
1 23055
1 6641
1 16793
1 1851
1 1481
1 17702
1 13603
1 24613
1 10031
1 19059
1 6641
1 5017
1 5389
1 9370
1 1423
1 20784
1 4979
1 10217
1 15186
1 21631
1 8182
1 4307
1 15665
1 24142
1 18541
1 18334
1 3845
1 4416
1 13248
1 15570
1 13623
1 16557
1 14682
1 23925
1 22889
1 15163
1 5166
1 17487
1 4415
1 20169
1 838
1 11296
1 24494
1 25734
1 20124
1 12193
1 3989
1 1759
1 3503
1 13850
1 23055
1 17036
1 4754
1 16456
1 19804
1 21208
1 24073
1 24261
1 22647
1 17146
1 22889
1 5704
1 14181
1 24204
1 12026
1 23231
1 12025
1 7482
1 12172
1 10040
1 14044
1 12978
1 22715
1 23916
1 16945
1 11481
1 8982
1 9329
1 13318
1 8628
1 18096
1 10337
1 16018
1 11628
1 24126
1 3036
1 13257
1 9222
1 3580
1 8892
1 2807
1 25864
1 21132
1 7533
1 13730
1 16178
1 5388
1 13599
1 15317
1 9222
1 23460
1 7662
1 9404
1 2932
1 1280
1 2858
1 6296
1 10718
1 21500
1 14263
1 22223
1 2344
1 19865
1 8103
1 12099
1 6013
1 24966
1 25552
1 8114
1 4223
1 19092
1 10802
1 20450
1 13662
1 7084
1 7537
1 22854
1 23351
1 19494
1 19595
1 25900
1 5223
1 715
1 20200
1 7744
1 3803
1 9574
1 2762
1 15094
1 22889
1 4304
1 4503
1 20424
1 22923
1 11103
1 8839
1 17553
1 18082
1 23395
1 21240
1 4088
1 193
1 1917
1 3113
1 16455
1 20245
1 17889
1 25247
1 18518
1 7421
1 22027
1 17736
1 20890
1 6629
1 5273
1 23711
1 24584
1 19360
1 9778
1 6830
1 21863
1 15321
1 9867
1 17367
1 13599
1 24377
1 20238
1 7701
1 17846
1 21008
1 16730
1 18358
1 16264
1 12123
1 15054
1 25424
1 1967
1 10284
1 18610
1 13467
1 19638
1 23408
1 7584
1 3131
1 138
1 6022
1 15810
1 9495
1 6198
1 20968
1 8852
1 3883
1 3546
1 11022
1 4549
1 16389
1 5301
1 13464
1 6028
1 2121
1 6931
1 15473
1 1588
1 15009
1 4357
1 3227
1 18608
1 17105
1 24958
1 25373
1 24263
1 3675
1 6663
1 17421
1 17561
1 2671
1 18979
1 1423
1 502
1 24553
1 8146
1 12120
1 25502
1 1440
1 10725
1 8449
1 11146
1 7484
1 2910
1 11448
1 352
1 22516
1 25705
1 9163
1 14396
1 12550
1 495
1 14018
1 582
1 15885
1 17848
1 9384
1 11279
1 7941
1 24013
1 6774
1 16175
1 8871
1 9495
1 2642
1 11008
1 25922
1 999
1 16625
1 1012
1 22992
1 15760
1 21617
1 1195
1 523
1 2688
1 24455
1 4712
1 3697
1 7732
1 11966
1 22889
1 24398
1 2387
1 14325
1 16689
1 22390
1 10883
1 10153
1 4556
1 4693
1 1837
1 7874
1 11793
1 20093
1 4754
1 19959
1 25261
1 8341
1 25899
1 21626
1 17615
1 5338
1 233
1 7762
1 4051
1 1316
1 21076
1 21647
1 11403
1 22348
1 2687
1 15284
1 10224
1 20184
1 8210
1 24838
1 11373
1 18445
1 4134
1 10519
1 20773
1 12953
1 3566
1 22116
1 11826
1 5117
1 9571
1 4503
1 22466
1 7561
1 17003
1 6021
1 9495
1 9876
1 18799
1 24847
1 18909
1 24035
1 10840
1 17106
1 11606
1 14074
1 1957
1 10796
1 17536
1 7472
1 20238
1 18532
1 21386
1 14393
1 17027
1 555
1 22702
1 4055
1 5701
1 14757
1 20571
1 16084
1 8464
1 23176
1 15615
1 20354
1 6401
1 390
1 16897
1 9992
1 7473
1 24638
1 3981
1 18909
1 4061
1 255
1 3053
1 523
1 8966
1 22516
1 15239
1 21258
1 14646
1 3635
1 7004
1 17759
1 1823
1 17856
1 24142
1 17753
1 20464
1 22774
1 5484
1 25229
1 531
1 13292
1 14092
1 4101
1 15125
1 11030
1 16371
1 10760
1 11698
1 8648
1 18141
1 15307
1 21636
1 25374
1 786
1 10970
1 18683
1 1704
1 1033
1 14039
1 23102
1 23043
1 18005
1 10254
1 18571
1 15041
1 25215
1 9445
1 24747
1 6134
1 2719
1 4060
1 21566
1 2003
1 22195
1 13956
1 12532
1 10045
1 19345
1 14403
1 904
1 12236
1 20945
1 7356
1 13587
1 19917
1 3865
1 8453
1 624
1 14108
1 15156
1 6916
1 2472
1 2481
1 5362
1 856
1 4866
1 6244
1 9741
1 22159
1 9400
1 1455
1 3827
1 4177
1 13599
1 19459
1 4300
1 4936
1 24033
1 8954
1 20283
1 10429
1 19760
1 4906
1 15202
1 8576
1 17710
1 3477
1 11453
1 19590
1 3485
1 18718
1 6650
1 24503
1 25671
1 10429
1 19898
1 16914
1 12279
1 24013
1 4937
1 6600
1 18133
1 8902
1 15343
1 14402
1 22394
1 25873
1 8534
1 14904
1 7162
1 13635
1 15809
1 22912
1 19716
1 13350
1 19345
1 11705
1 1691
1 24784
1 1148
1 23522
1 7282
1 2872
1 18234
1 15343
1 18645
1 8933
1 813
1 23032
1 12896
1 8345
1 6990
1 24553
1 2679
1 24989
1 426
1 12025
1 24553
1 1981
1 21852
1 5440
1 8199
1 16254
1 2719
1 18983
1 7744
1 18578
1 10079
1 11833
1 932
1 14171
1 25839
1 17332
1 21698
1 15228
1 20217
1 22040
1 13218
1 22394
1 12598
1 1876
1 17857
1 4533
1 22187
1 4574
1 23706
1 9431
1 17070
1 7268
1 21169
1 3201
1 11239
1 12453
1 25707
1 5725
1 12620
1 2834
1 19961
1 1414
1 23311
1 7015
1 24553
1 16021
1 4359
1 24286
1 1390
1 1012
1 8084
1 4878
1 15102
1 15615
1 23646
1 80
1 19387
1 22193
1 12475
1 5440
1 18960
1 10301
1 6320
1 22903
1 1608
1 21950
1 24424
1 17456
1 3386
1 4138
1 9132
1 13389
1 7269
1 15343
1 25539
1 2644
1 6945
1 19900
1 10254
1 1905
1 19228
1 236
1 22401
1 2805
1 5646
1 22604
1 14878
1 714
1 16245
1 1158
1 17704
1 6288
1 4357
1 16858
1 14066
1 16137
1 5752
1 17298
1 8688
1 18078
1 2607
1 25707
1 7931
1 16498
1 20681
1 14760
1 4019
1 15053
1 25548
1 10757
1 2837
1 15615
1 10413
1 841
1 2990
1 16319
1 9343
1 629
1 17487
1 6421
1 15137
1 12049
1 11963
1 1954
1 23300
1 13559
1 11319
1 3953
1 24991
1 5823
1 3332
1 25033
1 10011
1 10513
1 9722
1 9431
1 8407
1 25405
1 4310
1 12978
1 23405
1 18524
1 7524
1 16810
1 21998
1 2738
1 11114
1 20538
1 5322
1 9416
1 9222
1 23690
1 24289
1 15791
1 3301
1 19301
1 14238
1 9549
1 22167
1 1588
1 21742
1 22605
1 18783
1 20465
