1 14760
1 6425
1 17023
1 21147
1 3261
1 6071
1 25722
1 8063
1 1751
1 19854
1 9864
1 17111
1 2250
1 2510
1 3808
1 7776
1 25446
1 16847
1 18246
1 12020
1 9977
1 4526
1 120
1 7275
1 17487
1 9702
1 17974
1 6140
1 24592
1 21711
1 6085
1 19267
1 2638
1 18183
1 5525
1 19413
1 22516
1 3928
1 11882
1 1274
1 11008
1 11252
1 3920
1 400
1 13021
1 23337
1 14675
1 13123
1 16125
1 7936
1 14879
1 16544
1 16694
1 15407
1 15542
1 25664
1 14280
1 19383
1 21021
1 2783
1 14820
1 19302
1 20966
1 5427
1 22119
1 25185
1 6705
1 17790
1 34
1 3131
1 24395
1 13317
1 24401
1 20817
1 16227
1 16260
1 16496
1 15914
1 16625
1 16140
1 16142
1 22340
1 18822
1 8020
1 545
1 17487
1 14641
1 3690
1 3176
1 400
1 18981
1 1269
1 18532
1 20586
1 2378
1 5673
1 10324
1 16694
1 3702
1 24621
1 15868
1 25873
1 3988
1 16003
1 14744
1 6205
1 18328
1 7556
1 9095
1 8234
1 19052
1 7302
1 3693
1 8363
1 20871
1 1857
1 23750
1 9532
1 775
1 22889
1 13474
1 24142
1 25285
1 2320
1 21366
1 7479
1 16371
1 12025
1 18754
1 7364
1 14450
1 6112
1 18761
1 25539
1 13672
1 22003
1 11160
1 8418
1 19590
1 19659
1 12470
1 18064
1 25448
1 16208
1 13970
1 13044
1 5788
1 5288
1 20593
1 24978
1 19317
1 7245
1 9741
1 23383
1 23485
1 3892
1 400
1 17802
1 16474
1 3074
1 16876
1 5960
1 1012
1 23023
1 25897
1 12589
1 22124
1 5214
1 9567
1 16065
1 9908
1 2120
1 4261
1 17924
1 22685
1 4873
1 5358
1 19892
1 11456
1 18977
1 6870
1 22889
1 10548
1 10097
1 24278
1 21223
1 24127
1 24561
1 5570
1 15984
1 11239
1 22830
1 25151
1 24780
1 16694
1 17108
1 5491
1 24648
1 4660
1 11154
1 6282
1 7390
1 21079
1 1980
1 25103
1 19539
1 24653
1 8576
1 10963
1 17487
1 4309
1 4455
1 21923
1 24992
1 10546
1 24513
1 13444
1 138
1 20082
1 21525
1 19277
1 138
1 10162
1 24075
1 18585
1 24660
1 2161
1 9567
1 24925
1 20115
1 4348
1 8826
1 17487
1 23482
1 1704
1 2468
1 5162
1 12341
1 14968
1 16553
1 3797
1 24431
1 8476
1 20071
1 16519
1 6332
1 12808
1 24752
1 17382
1 19412
1 19745
1 2192
1 12299
1 9222
1 12985
1 15785
1 17106
1 20982
1 9300
1 6633
1 8367
1 546
1 17487
1 23033
1 5831
1 9403
1 25261
1 1646
1 9014
1 3975
1 6914
1 18527
1 22912
1 14764
1 13519
1 12165
1 3154
1 24951
1 4936
1 25242
1 3386
1 18557
1 2071
1 21603
1 4377
1 23612
1 10324
1 5788
1 11671
1 737
1 10007
1 1304
1 714
1 10567
1 16477
1 18438
1 2577
1 18701
1 24035
1 1568
1 12983
1 11901
1 25311
1 19865
1 3095
1 3495
1 5259
1 267
1 5165
1 15662
1 4751
1 12231
1 6659
1 16694
1 10745
1 13537
1 21652
1 18956
1 4506
1 6992
1 7804
1 20349
1 13858
1 15137
1 6806
1 21678
1 23502
1 19729
1 19865
1 24478
1 10942
1 9809
1 20272
1 21082
1 12236
1 19403
1 25877
1 9052
1 5513
1 19949
1 10106
1 23897
1 5440
1 13505
1 4026
1 18141
1 1586
1 18917
1 19774
1 1650
1 7467
1 23699
1 6633
1 7302
1 15228
1 10949
1 12098
1 21563
1 17036
1 4837
1 16566
1 16582
1 5215
1 12821
1 22697
1 6645
1 2739
1 9023
1 7120
1 19118
1 5708
1 10909
1 15940
1 8331
1 25884
1 9495
1 10007
1 17278
1 5814
1 7499
1 6585
1 16351
1 19910
1 14504
1 22027
1 23338
1 25001
1 23723
1 16694
1 14515
1 9526
1 1422
1 9355
1 21991
1 16712
1 10002
1 7087
1 11533
1 9204
1 18992
1 2817
1 13828
1 7212
1 21755
1 17624
1 16701
1 9683
1 11120
1 24271
1 25261
1 5988
1 11833
1 5756
1 2949
1 4275
1 23058
1 25786
1 16846
1 15999
1 19146
1 17698
1 3989
1 19133
1 9194
1 13685
1 18259
1 9800
1 145
1 25401
1 24989
1 21415
1 25484
1 12362
1 14650
1 21770
1 7192
1 6537
1 1330
1 923
1 22394
1 6302
1 2243
1 2437
1 19730
1 21044
1 19962
1 20202
1 22477
1 8282
1 13295
1 19841
1 4646
1 18720
1 3131
1 7816
1 21093
1 3549
1 1048
1 13296
1 25189
1 12219
1 24444
1 23407
1 23158
1 24336
1 6923
1 18186
1 25448
1 25685
1 18885
1 8924
1 23460
1 9174
1 12813
1 19110
1 9716
1 9911
1 23920
1 7415
1 25546
1 4560
1 8812
1 11456
1 16964
1 2660
1 15791
1 716
1 19865
1 19541
1 23776
1 17710
1 24209
1 9276
1 13407
1 20605
1 4132
1 23293
1 9400
1 6771
1 14714
1 25394
1 25162
1 7463
1 20859
1 19940
1 10335
1 6116
1 16764
1 24563
1 14357
1 6667
1 8312
1 581
1 11549
1 14184
1 24937
1 4476
1 15137
1 23360
1 25149
1 25568
1 3865
1 18507
1 8729
1 23029
1 16986
1 5657
1 4426
1 7128
1 12243
1 14539
1 23241
1 25005
1 249
1 9803
1 21130
1 1888
1 8760
1 12033
1 25816
1 15013
1 22889
1 23086
1 16694
1 8173
1 16333
1 19474
1 5130
1 2818
1 2323
1 14154
1 12619
1 25256
1 11904
1 11000
1 9884
1 2674
1 18334
1 21170
1 3232
1 10315
1 4200
1 25428
1 19865
1 24777
1 13877
1 19114
1 17860
1 11960
1 995
1 4975
1 22854
1 1888
1 2172
1 12178
1 18727
1 1844
1 6477
1 10645
1 8096
1 4794
1 13112
1 18572
1 4937
1 18050
1 16052
1 17487
1 16825
1 20032
1 22330
1 1389
1 845
1 14972
1 25555
1 16351
1 15186
1 19110
1 16242
1 22524
1 6888
1 1937
1 715
1 22802
1 7209
1 6388
1 3966
1 6282
1 1656
1 6925
1 1502
1 25645
1 23383
1 1414
1 21170
1 13278
1 11126
1 18720
1 22390
1 3565
1 15458
1 22865
1 19506
1 24402
1 6175
1 20354
1 23265
1 22509
1 3364
1 6188
1 5781
1 1415
1 12219
1 15368
1 17796
1 13341
1 1316
1 11083
1 11267
1 6502
1 18667
1 14982
1 23586
1 20829
1 2674
1 15414
1 2336
1 13557
1 13666
1 1655
1 5450
1 16837
1 22998
1 14896
1 20890
1 2732
1 15894
1 9222
1 19754
1 15028
1 24553
1 2943
1 16436
1 10173
1 13876
1 7745
1 13130
1 25550
1 24090
1 17203
1 4592
1 23244
1 10618
1 19078
1 5880
1 20676
1 6604
1 13915
1 954
1 714
1 16315
1 11212
1 14837
1 8764
1 12766
1 9431
1 1957
1 10975
1 19938
1 17912
1 22889
1 18532
1 13786
1 12585
1 11965
1 9621
1 2406
1 3467
1 7015
1 20836
1 3877
1 3586
1 15703
1 17897
1 15392
1 11128
1 15426
1 10296
1 19973
1 5318
1 24427
1 25323
1 16349
1 7263
1 36
1 12025
1 6892
1 11905
1 12112
1 2674
1 14288
1 4856
1 21055
1 13226
1 15261
1 21228
1 12424
1 4555
1 6067
1 27
1 7766
1 5273
1 12884
1 7756
1 25756
1 13588
1 1903
1 3646
1 15540
1 8889
1 9155
1 8520
1 20295
1 14305
1 455
1 7946
1 3623
1 8865
1 9289
1 16440
1 18597
1 940
1 23346
1 7638
1 24105
1 24355
1 7285
1 24879
1 19630
1 8620
1 24888
1 4055
1 22080
1 19590
1 17054
1 15783
1 21506
1 22096
1 21091
1 24142
1 3604
1 11371
1 2390
1 7118
1 6328
1 21325
1 2736
1 15615
1 15967
1 17358
1 15337
1 17487
1 21381
1 3945
1 8572
1 6168
1 5262
1 22740
1 25217
1 23717
1 8522
1 22434
1 15284
1 5593
1 7913
1 17667
1 20651
1 15363
1 18244
1 18251
1 5155
1 1155
1 16757
1 16242
1 3092
1 19231
1 20848
1 17895
1 19844
1 17977
1 3298
1 6886
1 14153
1 21873
1 15542
1 2942
1 4717
1 20442
1 9568
1 16941
1 9571
1 3166
1 18660
1 4599
1 24813
1 6864
1 15186
1 16587
1 1420
1 15716
1 18664
1 2671
1 382
1 17917
1 20603
1 16091
1 7086
1 3918
1 13346
1 15615
1 3478
1 5414
1 17487
1 14593
1 22889
1 5518
1 14348
1 7299
1 20384
1 7701
1 839
1 19105
1 857
1 25297
1 4710
1 1942
1 20941
1 23654
1 2472
1 8077
1 20068
1 1586
1 21916
1 20202
1 14954
1 179
1 13016
1 25774
1 7086
1 7902
1 15143
1 5788
1 22554
1 23026
1 20287
1 15228
1 18188
1 21100
1 25225
1 11047
1 19040
1 712
1 11576
1 5062
1 4047
1 19111
1 22688
1 13489
1 4754
1 20553
1 6804
1 1579
1 9535
1 25261
1 13791
1 16032
1 22271
1 16596
1 9511
1 18398
1 15053
1 18676
1 25664
1 2762
1 12211
1 23264
1 1468
1 14517
1 14189
1 15053
1 7963
1 23265
1 400
1 9981
1 15297
1 10435
1 12219
1 3746
1 20007
1 19590
1 10374
1 11132
1 23241
1 19830
1 17037
1 18571
1 15205
1 57
1 25517
1 24473
1 12878
1 3265
1 25215
1 11681
1 9222
1 22503
1 1906
1 786
1 23076
1 14398
1 18594
1 22001
1 20417
1 15094
1 19110
1 13196
1 2513
1 13495
1 22120
1 23540
1 12730
1 8302
1 20642
1 12369
1 24859
1 24828
1 21049
1 22574
1 15167
1 14557
1 11886
1 2236
1 19117
1 20188
1 1655
1 16530
1 11526
1 12215
1 18641
1 9741
1 17700
1 20833
1 11314
1 3609
1 9222
1 24672
1 13431
1 16175
1 12364
1 21654
1 4892
1 384
1 4352
1 19433
1 6636
1 17303
1 18887
1 21365
1 17387
1 25780
1 11577
1 18132
1 2674
1 13943
1 25476
1 19190
1 22217
1 21827
1 20950
1 6023
1 19633
1 22314
1 3498
1 13699
1 14630
1 22119
1 12165
1 2276
1 4387
1 2184
1 13998
1 23089
1 23157
1 11492
1 16643
1 11212
1 12340
1 8860
1 14110
1 7379
1 660
1 18247
1 18676
1 25657
1 17216
1 10672
1 10761
1 9867
1 17351
1 19396
1 6930
1 15115
1 8551
1 16027
1 4396
1 23114
1 5788
1 14322
1 11055
1 10972
1 15945
1 5877
1 2719
1 15060
1 9640
1 17860
1 15987
1 14108
1 1677
1 19279
1 25128
1 4298
1 25675
1 16349
1 4196
1 25151
1 25562
1 25812
1 21950
1 25591
1 6516
1 14606
1 4754
1 362
1 19070
1 17108
1 3231
1 3592
1 14486
1 21999
1 16006
1 19370
1 23299
1 23662
1 16125
1 24725
1 7790
1 24089
1 8495
1 24798
1 12913
1 12219
1 23281
1 25714
1 13135
1 24191
1 14216
1 1691
1 2775
1 3023
1 17135
1 4710
1 17699
1 13210
1 22516
1 6362
1 12422
1 18780
1 1508
1 12054
1 1802
1 1629
1 153
1 9222
1 3903
1 12267
1 19485
1 9627
1 25005
1 9968
1 13109
1 11427
1 22649
1 469
1 6198
1 22032
1 5487
1 14433
1 1198
1 691
1 3946
1 17218
1 205
1 21443
1 10581
1 24682
1 24725
1 8782
1 3570
1 8663
1 16565
1 23081
1 11720
1 7459
1 3658
1 23100
1 22516
1 14415
1 4622
1 2563
1 8865
1 3131
1 7145
1 17503
1 17616
1 21085
1 8535
1 21104
1 14704
1 5747
1 17578
1 851
1 3996
1 6633
1 22317
1 10827
1 11022
1 2093
1 23778
1 7878
1 4624
1 8400
1 24026
1 11022
1 24615
1 4419
1 10040
1 15372
1 1077
1 9423
1 20421
1 24904
1 15773
1 10909
1 903
1 24431
1 17487
1 16914
1 13151
1 17487
1 16635
1 7705
1 13599
1 15946
1 11831
1 11254
1 5834
1 264
1 500
1 9174
1 11247
1 22167
1 9035
1 22889
1 14488
1 5565
1 15916
1 19382
1 25744
1 2647
1 17990
1 13461
1 16914
1 9853
1 10237
1 6627
1 15377
1 22484
1 19345
1 25375
1 8399
1 16627
1 16215
1 12007
1 6826
1 872
1 849
1 10878
1 7938
1 4549
1 17696
1 18630
1 21273
1 19117
1 22871
1 715
1 17602
1 16552
1 15833
1 23641
1 2901
1 18882
1 7584
1 7588
1 14227
1 3989
1 14498
1 15658
1 3825
1 17515
1 17156
1 16242
1 23815
1 16846
1 5788
1 21633
1 23990
1 15184
1 19590
1 7062
1 20783
1 4519
1 15865
1 13719
1 12219
1 21217
1 17106
1 16317
1 7381
1 1755
1 15564
1 5171
1 20365
1 24694
1 22999
1 6046
1 25734
1 17955
1 19855
1 1126
1 6232
1 15318
1 21745
1 13196
1 257
1 13339
1 25096
1 17487
1 23260
1 18926
1 20287
1 16254
1 3614
1 9511
1 6837
1 3907
1 23300
1 3614
1 3109
1 25015
1 15659
1 14783
1 8225
1 22889
1 15479
1 4444
1 13206
1 11194
1 2121
1 14700
1 18841
1 5277
1 25363
1 15275
1 8326
1 25412
1 11707
1 12215
1 4135
1 5880
1 18537
1 19366
1 1488
1 9024
1 25308
1 16685
1 24605
1 12402
1 24007
1 3747
1 13855
1 2679
1 18536
1 13912
1 22142
1 16789
1 23393
1 12741
1 14756
1 5788
1 17742
1 21281
1 1841
1 11153
1 10224
1 16528
1 13809
1 20829
1 9271
1 1766
1 8536
1 12054
1 8292
1 24427
1 18698
1 17475
1 14276
1 11918
1 17487
1 21797
1 510
1 19854
1 5183
1 15621
1 10867
1 11859
1 9571
1 16492
1 10485
1 7180
1 12679
1 16485
1 13482
1 4638
1 22438
1 13384
1 6860
1 631
1 17850
1 6874
1 4619
1 23291
1 10942
1 1691
1 2002
1 1945
1 3227
1 25923
1 7120
1 15247
1 921
1 15184
1 17326
1 23507
1 13131
1 9652
1 21827
1 8345
1 5196
1 16694
1 9749
1 24344
1 10841
1 24100
1 3131
1 3092
1 16791
1 16730
1 22995
1 18532
1 23566
1 23343
1 13160
1 9710
1 15168
1 21324
1 25219
1 9864
1 2431
1 24989
1 14509
1 1682
1 8399
1 23150
1 5788
1 2121
1 24690
1 13152
1 7091
1 5891
1 5240
1 16706
1 4080
1 12620
1 24554
1 19586
1 8565
1 21351
1 798
1 21225
1 2248
1 21745
1 10942
1 11031
1 23838
1 8158
1 12470
1 21589
1 9908
1 4658
1 23719
1 12394
1 1922
1 10799
1 13342
1 14248
1 4949
1 4669
1 10467
1 942
1 3961
1 138
1 13277
1 3866
1 11748
1 851
1 16244
1 16175
1 13578
1 11314
1 11296
1 22566
1 16846
1 677
1 17186
1 21867
1 25942
1 4327
1 5191
1 20542
1 18698
1 11024
1 10374
1 7201
1 19949
1 24456
1 3909
1 10018
1 18115
1 3764
1 12607
1 10324
1 20912
1 24090
1 12983
1 7362
1 501
1 9865
1 21905
1 25319
1 11499
1 2617
1 18083
1 2271
1 12980
1 15889
1 2172
1 18556
1 9840
1 3882
1 8982
1 15284
1 5440
1 23600
1 11008
1 19161
1 18767
1 16397
1 7003
1 25241
1 20237
1 24985
1 19750
1 12238
1 24383
1 14461
1 10232
1 1520
1 17848
1 22027
1 5240
1 25929
1 17699
1 18863
1 11319
1 9741
1 9803
1 15085
1 16826
1 20727
1 22314
1 9222
1 20494
1 16277
1 10096
1 7582
1 25736
1 17536
1 22546
1 20598
1 3898
1 11447
1 24639
1 19084
1 17742
1 18144
1 5813
1 18488
1 4797
1 21909
1 16971
1 16179
1 21608
1 16477
1 18532
1 8179
1 2478
1 14223
1 1752
1 8557
1 22889
1 2942
1 12236
1 25276
1 23524
1 12977
1 16706
1 9357
1 9525
1 25001
1 19432
1 7668
1 17500
1 2671
1 9567
1 22481
1 10880
1 23113
1 15458
1 19663
1 2724
1 22849
1 14895
1 7127
1 10438
1 2395
1 899
1 16126
1 8642
1 23419
1 4059
1 21711
1 9339
1 21761
1 23018
1 2964
1 16168
1 310
1 4333
1 9431
1 21710
1 24792
1 18186
1 7855
1 3679
1 16534
1 17647
1 13776
1 10937
1 1434
1 25286
1 4367
1 22889
1 7728
1 14877
1 7837
1 23952
1 25247
1 12727
1 494
1 4456
1 10623
1 18341
1 14021
1 14249
1 16694
1 6563
1 6570
1 1409
1 19590
1 18583
1 13092
1 25487
1 16189
1 7628
1 15791
1 22119
1 14608
1 3354
1 15833
1 22297
1 22774
1 23265
1 3406
1 18117
1 812
1 23507
1 444
1 19922
1 9222
1 21807
1 13278
1 25379
1 7633
1 714
1 16713
1 20895
1 17675
1 20407
1 11964
1 19878
1 2137
1 677
1 2416
1 17477
1 21333
1 7166
1 24695
1 2964
1 855
1 327
1 5437
1 14294
1 15096
1 11825
1 18199
1 9109
1 24616
1 1589
1 145
1 3234
1 6357
1 20783
1 23281
1 11574
1 1631
1 4760
1 7845
1 24761
1 23466
1 22026
1 1835
1 14383
1 3018
1 8257
1 4698
1 25324
1 22394
1 4134
1 16464
1 10117
1 20803
1 766
1 7874
1 21039
1 3655
1 17107
1 8232
1 23061
1 21005
1 21187
1 2671
1 12541
1 18737
1 12134
1 2671
1 13505
1 9431
1 8109
1 15021
1 20185
1 1720
1 13187
1 23623
1 20783
1 17487
1 939
1 20248
1 15094
1 1414
1 18571
1 9786
1 21994
1 25651
1 2208
1 13145
1 5525
1 2868
1 24573
1 3844
1 7120
1 5240
1 20538
1 20162
1 3131
1 13580
1 717
1 10423
1 8921
1 21841
1 18729
1 17487
1 9316
1 25610
1 11022
1 5788
1 6161
1 22117
1 7570
1 11144
1 12103
1 14050
1 11114
1 14167
1 16969
1 4300
1 8686
1 22306
1 13700
1 9867
1 16255
1 18765
1 2623
1 20951
1 1097
1 16950
1 4133
1 18355
1 16395
1 19427
1 2814
1 3231
1 19485
1 22093
1 22434
1 23832
1 1823
1 15871
1 13704
1 11703
1 8614
1 10681
1 14128
1 18519
1 8918
1 2030
1 9222
1 9431
1 12100
1 10238
1 2882
1 21982
1 11961
1 14250
1 9601
1 14781
1 21285
1 4182
1 169
1 12098
1 16924
1 24925
1 7732
1 9229
1 25911
1 9423
1 19992
1 4019
1 19552
1 6279
1 5286
1 7658
1 4355
1 15127
1 15890
1 6141
1 10518
1 15140
1 986
1 14492
1 8297
1 9014
1 16846
1 18950
1 6036
1 24820
1 322
1 9794
1 2124
1 22505
1 2572
1 23406
1 24142
1 24959
1 19616
1 10513
1 21086
1 6439
1 17856
1 7710
1 11377
1 18630
1 1591
1 18923
1 13278
1 10432
1 2059
1 21564
1 8764
1 4484
1 4843
1 16730
1 12773
1 3143
1 12012
1 16600
1 3236
1 1621
1 25873
1 6706
1 2483
1 17487
1 21851
1 13021
1 4419
1 4627
1 18956
1 13417
1 9412
1 18928
1 21662
1 3989
1 14938
1 13619
1 13042
1 20119
1 3119
1 12729
1 16694
1 25933
1 24420
1 22937
1 21712
1 4313
1 11712
1 25273
1 10967
1 22178
1 6092
1 24198
1 22542
1 12922
1 4134
1 23976
1 23854
1 12965
1 5262
1 25845
1 6853
1 23537
1 22722
1 15313
1 4372
1 22984
1 24719
1 16432
1 669
1 8117
1 2935
1 19590
1 11254
1 1082
1 23623
1 20982
1 13739
1 1849
1 13341
1 22889
1 18876
1 3454
1 21672
1 7695
1 17108
1 18693
1 7794
1 25837
1 17997
1 18438
1 24142
1 18378
1 24384
1 12855
1 12882
1 14803
1 2401
1 999
1 16562
1 23468
1 2248
1 1954
1 327
1 18475
1 14744
1 20831
1 17710
1 18420
1 10093
1 8343
1 9668
1 16049
1 13520
1 4888
1 19045
1 21673
1 20810
1 560
1 249
1 14595
1 3131
1 11488
1 11550
1 18766
1 21294
1 16252
1 21794
1 18630
1 24889
1 12998
1 25428
1 22133
1 2361
1 9297
1 23451
1 6388
1 14686
1 322
1 11934
1 16897
1 11400
1 3403
1 2514
1 12418
1 19865
1 8865
1 9954
1 15433
1 21915
1 856
1 6721
1 8620
1 2059
1 20076
1 23554
1 25418
1 52
1 23343
1 10337
1 13569
1 19198
1 23848
1 17437
1 6354
1 17689
1 13614
1 13051
1 287
1 4755
1 17881
1 6178
1 21555
1 10203
1 10318
1 10626
1 16344
1 1107
1 6911
1 16242
1 372
1 3892
1 23158
1 10279
1 23519
1 20918
1 7720
1 22032
1 11917
1 758
1 20452
1 3640
1 20230
1 17487
1 9099
1 15984
1 9553
1 7542
1 22637
1 18641
1 5513
1 818
1 7471
1 7309
1 11934
1 6432
1 23906
1 2468
1 18704
1 17487
1 11819
1 3882
1 16613
1 19758
1 20202
1 8459
1 11728
1 17247
1 15528
1 13204
1 3918
1 17101
1 23266
1 8805
1 12777
1 20863
1 25225
1 3985
1 6045
1 1193
1 8116
1 16772
1 857
1 20468
1 11635
1 20023
1 22014
1 19865
1 7109
1 23422
1 13786
1 9717
1 18394
1 20660
1 1275
1 13765
1 6978
1 6801
1 25455
1 16714
1 18676
1 19186
1 6105
1 10485
1 24903
1 7784
1 23842
1 12493
1 22072
1 15094
1 2796
1 25714
1 23737
1 23568
1 5450
1 10013
1 1237
1 506
1 11530
1 9455
1 5776
1 21250
1 2219
1 10990
1 12100
1 2061
1 8536
1 16301
1 10718
1 7488
1 13478
1 12790
1 1451
1 18125
1 6580
1 17775
1 25139
1 18338
1 16979
1 5582
1 9894
1 17334
1 5656
1 20494
1 12054
1 15453
1 24398
1 24858
1 4453
1 6536
1 12050
1 8534
1 16036
1 4007
1 17195
1 23705
1 13832
1 17487
1 2034
1 8188
1 2990
1 15545
1 2503
1 24264
1 19590
1 24870
1 5766
1 16694
1 17658
1 24820
1 22460
1 23641
1 2445
1 11488
1 6870
1 9197
1 23090
1 15629
1 227
1 15615
1 6139
1 13426
1 20901
1 17846
1 16349
1 1423
1 5756
1 4274
1 25834
1 2249
1 17614
1 13272
1 7243
1 22910
1 6914
1 7225
1 17136
1 15574
1 23113
1 10823
1 2472
1 7851
1 22453
1 20844
1 7698
1 14561
1 3047
1 3414
1 10254
1 18529
1 14712
1 11848
1 4493
1 12100
1 11749
1 20479
1 2990
1 11041
1 17819
1 12155
1 2483
1 3277
1 11314
1 1948
1 6117
1 23479
1 6916
1 24142
1 23472
1 16557
1 24744
1 4899
1 4067
1 2030
1 17953
1 20217
1 20318
1 16846
1 21030
1 21245
1 4007
1 17449
1 15942
1 22022
1 3119
1 23573
1 21153
1 21513
1 8046
1 20528
1 1901
1 21368
1 17808
1 1076
1 23770
1 24602
1 17819
1 16126
1 11745
1 5231
1 14301
1 17966
1 1586
1 24553
1 21195
1 9020
1 2541
1 12025
1 7975
1 16905
1 24090
1 5866
1 20694
1 21998
1 2223
1 9222
1 7698
1 1586
1 16768
1 25053
1 20810
1 16389
1 6018
1 17756
1 12808
1 16360
1 17466
1 943
1 4200
1 23393
1 9927
1 23146
1 14266
1 4970
1 2937
1 7309
1 7223
1 13104
1 24060
1 17487
1 519
1 17484
1 1112
1 23209
1 16326
1 1046
1 12039
1 856
1 23497
1 23879
1 15053
1 22925
1 23717
1 9634
1 21664
1 17857
1 24509
1 2641
1 8307
1 23605
1 6916
1 22519
1 24142
1 16467
1 4019
1 16416
1 10058
1 19792
1 21905
1 1038
1 2098
1 10795
1 16822
1 17827
1 10994
1 5794
1 24954
1 7855
1 8628
1 3704
1 9826
1 24631
1 12930
1 10967
1 5808
1 1888
1 13321
1 18737
1 1888
1 10942
1 5527
1 9416
1 5604
1 17674
1 6066
1 3386
1 4710
1 1440
1 12983
1 6198
1 10110
1 15694
1 17424
1 3580
1 3188
1 24496
1 12042
1 25225
1 24672
1 2731
1 7246
1 23771
1 22306
1 16663
1 2059
1 11824
1 25675
1 21547
1 17243
1 14273
1 3993
1 8011
1 15183
1 24749
1 22091
1 13920
1 15719
1 19667
1 8697
1 21461
1 16914
1 18558
1 3959
1 15407
1 22854
1 17555
1 2743
1 20784
1 3901
1 16557
1 16923
1 6038
1 3736
1 15615
1 13277
1 21629
1 19212
1 24399
1 5788
1 24299
1 19699
1 15933
1 6192
1 18226
1 14790
1 17679
1 5165
1 16021
1 11561
1 3782
1 7621
1 16987
1 24030
1 22764
1 3548
1 14099
1 6328
1 2894
1 25168
1 14625
1 19540
1 523
1 23496
1 19533
1 1373
1 17797
1 19659
1 5545
1 17904
1 20509
1 2815
1 12238
1 4611
1 14224
1 16873
1 6288
1 3882
1 4805
1 25450
1 4712
1 23039
1 25911
1 13875
1 17216
1 3295
1 3405
1 21486
1 16335
1 15445
1 6106
1 20238
1 20468
1 4976
1 10069
1 25709
1 2964
1 16313
1 9431
1 13869
1 192
1 21903
1 16148
1 10865
1 16618
1 5095
1 15545
1 4139
1 21147
1 12342
1 5248
1 93
1 30
1 155
1 1298
1 7222
1 227
1 4353
1 10469
1 12917
1 20772
1 4196
1 19345
1 19522
1 4452
1 15510
1 160
1 685
1 19094
1 24764
1 12407
1 18246
1 3386
1 6293
1 2339
1 19915
1 11263
1 2248
1 3892
1 361
1 7982
1 25181
1 9865
1 3932
1 16694
1 8114
1 18036
1 20738
1 1888
1 493
1 9222
1 16032
1 1823
1 12341
1 21289
1 22956
1 6822
1 4936
1 3920
1 2103
1 323
1 10990
1 16776
1 4628
1 6020
1 6198
1 15094
1 7587
1 519
1 15281
1 13660
1 15079
1 16260
1 7281
1 1918
1 17699
1 22654
1 3966
1 14833
1 23214
1 8331
1 23439
1 5982
1 18114
1 21343
1 5425
1 1831
1 7947
1 3458
1 2478
1 22903
1 8408
1 23148
1 11022
1 22478
1 7708
1 10401
1 21948
1 21938
1 13811
1 7975
1 3980
1 620
1 22330
1 6749
1 15094
1 17255
1 13521
1 5335
1 24282
1 9200
1 18948
1 7421
1 22013
1 24178
1 17819
1 6645
1 7188
1 24259
1 16181
1 6288
1 7791
1 24904
1 7126
1 22191
1 3654
1 19923
1 7031
1 14258
1 19086
1 22233
1 16314
1 19111
1 7520
1 8918
1 24327
1 16694
1 21006
1 18328
1 23055
1 2236
1 7571
1 18778
1 16260
1 22801
1 9286
1 8703
1 16408
1 17040
1 12627
1 13135
1 6427
1 6081
1 10356
1 15949
1 23254
1 8856
1 16068
1 16948
1 12250
1 16467
1 3897
1 13836
1 24803
1 25712
1 138
1 13811
1 18967
1 10038
1 15064
1 8576
1 1012
1 5640
1 6842
1 626
1 24326
1 768
1 13544
1 17848
1 25555
1 24711
1 10748
1 17258
1 7425
1 21720
1 11998
1 4814
1 19087
1 5681
1 1800
1 25192
1 17997
1 11954
1 20691
1 17136
1 24349
1 23682
1 569
1 19272
1 14401
1 15343
1 13112
1 2766
1 20127
1 17590
1 23804
1 24560
1 2719
1 9431
1 22722
1 22776
1 18500
1 4200
1 3505
1 6394
1 4448
1 13372
1 23125
1 13587
1 2604
1 5030
1 18001
1 17107
1 2998
1 8108
1 2393
1 25295
1 5693
1 2886
1 7164
1 13012
1 8417
1 5322
1 17860
1 20905
1 10218
1 9032
1 11727
1 25650
1 5803
1 15657
1 16242
1 3303
1 19118
1 21073
1 6711
1 21950
1 3446
1 22462
1 13432
1 6015
1 7606
1 2704
1 17851
1 5708
1 22226
1 20840
1 10776
1 3639
1 20119
1 9204
1 4726
1 11828
1 17045
1 12776
1 138
1 21345
1 3478
1 23776
1 1059
1 5050
1 4572
1 16694
1 11453
1 1093
1 4970
1 13790
1 16278
1 11589
1 18454
1 17318
1 1749
1 12490
1 11920
1 9065
1 17736
1 20774
1 13432
1 9943
1 22354
1 17906
1 14963
1 24090
1 20673
1 10527
1 10850
1 10354
1 16665
1 3036
1 11715
1 4754
1 81
1 19425
1 25001
1 680
1 19360
1 24901
1 19519
1 21321
1 23146
1 10266
1 12025
1 9455
1 15894
1 4143
1 15914
1 19590
1 19394
1 21447
1 16672
1 19628
1 2758
1 18344
1 2162
1 10027
1 24432
1 16694
1 2766
1 10231
1 4686
1 9431
1 22614
1 19915
1 10711
1 15078
1 6705
1 3016
1 1752
1 25494
1 23335
1 6387
1 16393
1 24867
1 7365
1 13546
1 1878
1 9037
1 14746
1 4132
1 1416
1 1640
1 18005
1 14851
1 24744
1 10938
1 138
1 22516
1 4560
1 12585
1 22314
1 22707
1 7801
1 15477
1 6205
1 7039
1 5051
1 10286
1 19088
1 9109
1 2853
1 2311
1 8703
1 9495
1 9867
1 5
1 3256
1 6322
1 12386
1 5540
1 13292
1 2395
1 25730
1 19483
1 22147
1 24162
1 16478
1 6981
1 17531
1 1825
1 20571
1 2398
1 21785
1 7070
1 25345
1 8060
1 20836
1 2270
1 17487
1 7416
1 11073
1 16793
1 9124
1 6690
1 24234
1 10043
1 21288
1 2248
1 3432
1 23055
1 23984
1 5820
1 5440
1 17846
1 5950
1 23055
1 20525
1 1961
1 14513
1 3370
1 4937
1 5215
1 8865
1 5717
1 19540
1 16479
1 1235
1 13953
1 16625
1 11501
1 14700
1 25485
1 14212
1 21170
1 3655
1 10078
1 11570
1 199
1 16860
1 25830
1 16806
1 12505
1 11433
1 10847
1 21618
1 16168
1 5712
1 4016
1 576
1 11433
1 25449
1 15284
1 18561
1 19167
1 8139
1 4560
1 25214
1 2222
1 23102
1 8210
1 2326
1 10645
1 23472
1 5538
1 3476
1 12231
1 4892
1 19774
1 10438
1 9626
1 2671
1 9761
1 3431
1 10953
1 20611
1 2395
1 1220
1 8355
1 19458
1 20921
1 7713
1 2168
1 2638
1 6916
1 18520
1 11062
1 23462
1 4793
1 3308
1 5667
1 16311
1 10645
1 12160
1 9741
1 17122
1 22516
1 20691
1 3131
1 3940
1 13833
1 21906
1 15467
1 16402
1 11015
1 15033
1 1019
1 20861
1 6945
1 12472
1 25379
1 24704
1 6181
1 2332
1 13855
1 3866
1 18128
1 9526
1 23689
1 3072
1 20727
1 400
1 13226
1 51
1 25901
1 8237
1 11218
1 17444
1 12894
1 5988
1 5601
1 5344
1 14108
1 4545
1 13585
1 10704
1 16609
1 1143
1 11154
1 15615
1 11673
1 7447
1 7731
1 1919
1 14404
1 20039
1 7716
1 9385
1 10293
1 23374
1 25645
1 5250
1 9760
1 14744
1 12792
1 2322
1 6807
1 2533
1 22596
1 118
1 10809
1 24995
1 3719
1 1568
1 15564
1 19092
1 11800
1 310
1 4592
1 23811
1 19939
1 25922
1 10204
1 13161
1 2049
1 15966
1 20706
1 24792
1 1610
1 9972
1 5458
1 22233
1 849
1 19111
1 25584
1 14814
1 12734
1 467
1 17992
1 14990
1 16053
1 15281
1 561
1 9344
1 5252
1 16785
1 6188
1 16694
1 17480
1 23554
1 11021
1 2700
1 9222
1 10885
1 172
1 15021
1 4849
1 11743
1 14348
1 22068
1 16793
1 10788
1 5960
1 3883
1 24592
1 2762
1 18846
1 20727
1 17523
1 7179
1 15066
1 20162
1 13370
1 9760
1 15223
1 3855
1 15051
1 6937
1 13619
1 18777
1 24000
1 18181
1 8290
1 1435
1 820
1 9262
1 23242
1 24589
1 12215
1 18385
1 5671
1 11607
1 22656
1 5783
1 17997
1 11521
1 21902
1 12803
1 11773
1 5542
1 14819
1 1516
1 7323
1 9021
1 7799
1 1895
1 17549
1 14757
1 22631
1 6013
1 15137
1 3332
1 6772
1 17890
1 1691
1 22003
1 8629
1 13904
1 14831
1 5756
1 24219
1 4714
1 8982
1 17317
1 8359
1 4756
1 25432
1 25555
1 24562
1 13341
1 6753
1 5447
1 2671
1 5673
1 9109
1 8331
1 25003
1 13467
1 14748
1 12736
1 8023
1 21426
1 3187
1 23781
1 19449
1 25418
1 16833
1 1903
1 19959
1 20148
1 21933
1 5430
1 13912
1 25217
1 16840
1 4122
1 17646
1 18778
1 13423
1 19865
1 20832
1 24191
1 23247
1 19774
1 24561
1 9981
1 7606
1 17487
1 21710
1 1393
1 2192
1 6700
1 1403
1 12619
1 22379
1 12619
1 12339
1 25605
1 7318
1 18984
1 10953
1 24082
1 23456
1 24501
1 17487
1 1743
1 17772
1 15984
1 14702
1 6889
1 13608
1 19618
1 3696
1 15716
1 3301
1 502
1 8823
1 13865
1 23641
1 23987
1 23600
1 10899
1 13490
1 8399
1 21521
1 15911
1 11330
1 25418
1 10069
1 6662
1 18735
1 20350
1 16929
1 15242
1 11404
1 21536
1 13578
1 25650
1 12601
1 999
1 8368
1 449
1 23838
1 2990
1 11859
1 16694
1 11552
1 13166
1 23933
1 14350
1 3301
1 19988
1 3898
1 25650
1 6226
1 16557
1 1709
1 21242
1 23634
1 18608
1 8705
1 3349
1 1645
1 19246
1 25058
1 16657
1 20988
1 8942
1 5815
1 21868
1 2652
1 14205
1 7981
1 21614
1 17221
1 51
1 2750
1 6065
1 25725
1 900
1 18412
1 16826
1 19659
1 8257
1 24264
1 9063
1 12267
1 715
1 19633
1 21361
1 23832
1 15953
1 15319
1 6914
1 18981
1 1065
1 9779
1 10235
1 11239
1 3863
1 745
1 14924
1 3287
1 9981
1 5282
1 14154
1 23103
1 10069
1 13094
1 3267
1 15320
1 8756
1 25608
1 23401
1 1919
1 21410
1 9388
1 21307
1 11190
1 13920
1 23268
1 5223
1 1978
1 24006
1 9906
1 24716
1 1436
1 13766
1 25477
1 516
1 9383
1 22730
1 16084
1 5847
1 10627
1 21998
1 4320
1 13383
1 21170
1 6914
1 12609
1 19212
1 20829
1 20985
1 16826
1 17153
1 15094
1 16522
1 17770
1 22074
1 12660
1 9014
1 22516
1 2985
1 16949
1 3335
1 10950
1 8889
1 24321
1 8440
1 18538
1 3865
1 12446
1 13471
1 24331
1 25940
1 18491
1 12855
1 6226
1 19780
1 8182
1 2581
1 12882
1 7547
1 9567
1 18532
1 5604
1 6956
1 7389
1 2747
1 14043
1 24220
1 15034
1 2583
1 23630
1 20465
1 7033
1 19854
1 15852
1 25181
1 5550
1 16406
1 5611
1 21528
1 24612
1 20495
1 19867
1 3559
1 23507
1 8971
1 9571
1 5030
1 13846
1 6054
1 19235
1 24377
1 7770
1 337
1 20664
1 17056
1 15069
1 10363
1 18532
1 12680
1 9402
1 1506
1 4795
1 158
1 5261
1 23641
1 923
1 12596
1 24563
1 52
1 19424
1 15163
1 8148
1 19834
1 24702
1 6299
1 18099
1 14269
1 9604
1 20001
1 17699
1 9495
1 25816
1 17081
1 21076
1 1875
1 2679
1 1274
1 8435
1 5783
1 16236
1 4453
1 8745
1 2629
1 24644
1 16941
1 6112
1 15779
1 23569
1 20498
1 11711
1 22185
1 19896
1 6529
1 3359
1 11036
1 6175
1 20971
1 14450
1 21418
1 18465
1 16291
1 23265
1 8119
1 13211
1 461
1 19590
1 6914
1 10669
1 25250
1 3907
1 9065
1 18940
1 4680
1 9163
1 19590
1 9526
1 5582
1 21233
1 6224
1 14333
1 19010
1 25467
1 25865
1 25709
1 25806
1 12614
1 167
1 12964
1 7954
1 23945
1 22541
1 4763
1 3338
1 24797
1 23253
1 6056
1 9939
1 21458
1 2726
1 24726
1 16563
1 19256
1 25721
1 17541
1 4671
1 25752
1 12680
1 18639
1 20923
1 22271
1 25859
1 2043
1 5477
1 14104
1 19447
1 8257
1 14088
1 15336
1 22897
1 25547
1 16846
1 3722
1 21012
1 17382
1 12917
1 17048
1 10531
1 17247
1 181
1 23478
1 4939
1 3183
1 17081
1 15494
1 13604
1 16081
1 2207
1 3690
1 10634
1 18463
1 14646
1 6528
1 1793
1 17953
1 19134
1 25958
1 22526
1 24317
1 3131
1 10823
1 15783
1 15348
1 21377
1 18051
1 22119
1 22233
1 5484
1 23455
1 3952
1 17408
1 19761
1 17108
1 15211
1 24431
1 10411
1 14335
1 1506
1 7874
1 19977
1 19788
1 20746
1 16541
1 1022
1 21113
1 21673
1 24659
1 4706
1 19424
1 19345
1 21671
1 20958
1 19636
1 12165
1 14573
1 18817
1 5538
1 4839
1 10899
1 20724
1 9577
1 2322
1 15627
1 7842
1 22638
1 2242
1 25873
1 25903
1 13341
1 17931
1 22516
1 1823
1 8783
1 25131
1 19341
1 1012
1 15960
1 6086
1 667
1 23492
1 25825
1 7626
1 2948
1 6916
1 24751
1 23382
1 20596
1 6106
1 14094
1 7422
1 8536
1 20660
1 17285
1 15899
1 25752
1 15729
1 10972
1 1814
1 10904
1 15166
1 3386
1 3949
1 21503
1 7797
1 19959
1 6136
1 10944
1 23029
1 4356
1 18328
1 11738
1 7345
1 17480
1 17232
1 23591
1 21536
1 2844
1 7720
1 16646
1 21170
1 1281
1 9577
1 21777
1 16405
1 23617
1 7293
1 1000
1 17683
1 10853
1 4315
1 14203
1 22445
1 25345
1 17225
1 24527
1 20043
1 14714
1 11753
1 25575
1 23630
1 24534
1 5980
1 132
1 2847
1 15540
1 4055
1 24950
1 4073
1 15038
1 18319
1 25162
1 17632
1 21909
1 714
1 17113
1 25870
1 13926
1 302
1 21959
1 839
1 12013
1 10584
1 18299
1 3817
1 3731
1 20664
1 4850
1 17331
1 25873
1 22599
1 5259
1 14500
1 23313
1 12219
1 17148
1 13007
1 11456
1 18571
1 20963
1 12548
1 10324
1 7262
1 18311
1 15069
1 7066
1 336
1 4643
1 18332
1 12552
1 13758
1 205
1 860
1 22117
1 9682
1 14666
1 16293
1 8929
1 9654
1 7064
1 24199
1 25577
1 13926
1 7372
1 22354
1 23644
1 21568
1 23908
1 13344
1 17259
1 18314
1 18519
1 19754
1 12182
1 13865
1 6198
1 857
1 10998
1 3871
1 12625
1 6226
1 5918
1 7969
1 5240
1 17487
1 6181
1 14375
1 21828
1 22014
1 17487
1 12465
1 24654
1 12437
1 13304
1 876
1 25217
1 21393
1 1568
1 10990
1 5236
1 18541
1 5288
1 17707
1 10627
1 22003
1 25546
1 2762
1 1476
1 1540
1 15149
1 12049
1 22591
1 4762
1 23936
1 17839
1 13396
1 23200
1 17349
1 21767
1 11772
1 5295
1 5449
1 21685
1 21240
1 6322
1 12520
1 21067
1 1393
1 9400
1 18552
1 20696
1 11027
1 5322
1 3440
1 21298
1 24184
1 888
1 23690
1 22539
1 17931
1 22242
1 14746
1 21968
1 13855
1 4478
1 17861
1 22556
1 6870
1 23947
1 2679
1 16776
1 16249
1 19052
1 2248
1 3884
1 9036
1 4055
1 24190
1 17196
1 16431
1 22952
1 925
1 19962
1 16930
1 21637
1 12587
1 22637
1 927
1 25873
1 20511
1 6641
1 16623
1 17036
1 6110
1 18867
1 11038
1 5611
1 18529
1 23836
1 19052
1 6556
1 1400
1 1586
1 17487
1 6017
1 5446
1 21130
1 5788
1 9357
1 23945
1 519
1 22233
1 13599
1 15053
1 21375
1 1919
1 15667
1 17487
1 6181
1 10284
1 25454
1 23885
1 13129
1 12245
1 25560
1 8832
1 3898
1 16460
1 7151
1 2438
1 22809
1 5788
1 9607
1 13142
1 12534
1 6927
1 11469
1 11577
1 7443
1 12155
1 10946
1 12888
1 20688
1 511
1 15710
1 25934
1 11830
1 3335
1 24074
1 22315
1 5747
1 10950
1 1888
1 2685
1 16128
1 21727
1 1631
1 19560
1 15181
1 8620
1 23313
1 21961
1 21396
1 21809
1 14143
1 13906
1 2144
1 23540
1 24142
1 9163
1 6330
1 22838
1 24456
1 6421
1 12054
1 21575
1 21711
1 4284
1 23498
1 4453
1 17912
1 14046
1 23386
1 8226
1 3487
1 22267
1 715
1 15243
1 22601
1 2059
1 380
1 25466
1 21112
1 21685
1 5240
1 8726
1 1386
1 21580
1 23879
1 12324
1 9511
1 15133
1 21703
1 22434
1 3336
1 17510
1 4066
1 7789
1 1906
1 2002
1 6261
1 23947
1 24100
1 12025
1 3915
1 20043
1 19928
1 5336
1 10166
1 22527
1 138
1 6303
1 7344
1 7626
1 17670
1 18106
1 17487
1 9638
1 24398
1 777
1 2251
1 4320
1 20823
1 22658
1 4900
1 15658
1 10785
1 22243
1 3881
1 19751
1 16139
1 20010
1 261
1 24662
1 22418
1 21600
1 24287
1 6334
1 8398
1 5129
1 23483
1 7493
1 2840
1 7291
1 5175
1 10511
1 11480
1 25083
1 6613
1 20460
1 18737
1 21854
1 21039
1 23716
1 14479
1 15138
1 21508
1 3303
1 12069
1 1500
1 21828
1 6556
1 9896
1 2320
1 12983
1 16686
1 25119
1 24793
1 18795
1 6774
1 572
1 7840
1 23843
1 11320
1 6032
1 14124
1 13637
1 24142
1 5129
1 6198
1 24068
1 5095
1 3704
1 9766
1 24430
1 5128
1 12787
1 1488
1 24362
1 695
1 9599
1 21859
1 24377
1 14021
1 20093
1 15791
1 11415
1 5907
1 4550
1 12016
1 11582
1 2389
1 13926
1 3478
1 16876
1 849
1 22721
1 2891
1 15894
1 21525
1 13922
1 14928
1 7015
1 2390
1 6754
1 22221
1 4382
1 25805
1 17778
1 16694
1 5620
1 8130
1 10931
1 2762
1 1115
1 12603
1 16860
1 24398
1 18473
1 8330
1 13684
1 9400
1 16215
1 16342
1 11603
1 825
1 18863
1 8495
1 6561
1 7120
1 22889
1 12517
1 24892
1 13144
1 6284
1 13725
1 17108
1 14270
1 4710
1 6841
1 12112
1 20237
1 19555
1 17091
1 25096
1 19633
1 25473
1 1414
1 16919
1 21711
1 25199
1 7017
1 4614
1 4584
1 15615
1 6290
1 17501
1 23598
1 19754
1 1367
1 12079
1 2314
1 16846
1 11871
1 1607
1 5571
1 16806
1 18253
1 21739
1 3907
1 19345
1 11448
1 5616
1 3205
1 1547
1 3421
1 5730
1 21196
1 10345
1 7082
1 11370
1 25662
1 16582
1 9806
1 1528
1 24139
1 15038
1 23242
1 25014
1 12717
1 6776
1 1446
1 4690
1 16630
1 1723
1 23629
1 2002
1 13300
1 8922
1 2003
1 7855
1 17896
1 25873
1 22282
1 416
1 25957
1 20158
1 4550
1 10516
1 5474
1 5599
1 19694
1 7976
1 16557
1 6495
1 14901
1 8825
1 8899
1 17028
1 20310
1 21196
1 17487
1 20641
1 4506
1 15518
1 954
1 9571
1 18141
1 6038
1 25428
1 24792
1 10117
1 22119
1 475
1 2381
1 6195
1 25400
1 16719
1 7021
1 16482
1 17388
1 16876
1 21048
1 2149
1 17748
1 10683
1 8775
1 19863
1 20593
1 19396
1 6024
1 10122
1 19176
1 7654
1 15228
1 13257
1 24950
1 20465
1 3461
1 9495
1 13468
1 24344
1 23624
1 6936
1 14681
1 17487
1 2893
1 14415
1 11845
1 13898
1 14648
1 15999
1 1848
1 16548
1 15649
1 22874
1 17355
1 21703
1 18508
1 14515
1 4860
1 4873
1 21851
1 8865
1 5291
1 9524
1 8565
1 18099
1 7435
1 7400
1 2977
1 10271
1 21998
1 3883
1 154
1 25838
1 8001
1 24191
1 22992
1 18669
1 16234
1 15073
1 18914
1 8772
1 11004
1 12424
1 10711
1 8625
1 10251
1 1709
1 13926
1 11008
1 1054
1 18630
1 1455
1 24516
1 8787
1 11028
1 13560
1 20735
1 24611
1 19110
1 6226
1 15537
1 3882
1 22836
1 16228
1 12079
1 9613
1 24669
1 21644
1 22854
1 1888
1 22508
1 16230
1 4817
1 118
1 23773
1 19940
1 6092
1 2726
1 12041
1 10293
1 7584
1 25157
1 9405
1 16479
1 10870
1 7381
1 22889
1 24090
1 16951
1 18630
1 15094
1 19917
1 16376
1 2936
1 16458
1 11568
1 15228
1 14566
1 23709
1 16695
1 10800
1 15742
1 20421
1 20264
1 15240
1 12025
1 3127
1 11022
1 3741
1 3303
1 25804
1 8752
1 25824
1 660
1 21140
1 5217
1 6181
1 9368
1 8336
1 18572
1 9461
1 1795
1 22889
1 15622
1 13192
1 20593
1 10942
1 7955
1 9222
1 10178
1 5669
1 25802
1 11678
1 20248
1 17605
1 173
1 19847
1 10818
1 14282
1 6071
1 5089
1 16125
1 6288
1 20671
1 9034
1 5145
1 10857
1 15109
1 18214
1 19808
1 2320
1 8648
1 15791
1 13559
1 12091
1 14814
1 12277
1 1044
1 22203
1 18669
1 20688
1 19949
1 6071
1 1640
1 3996
1 14339
1 24672
1 3484
1 820
1 10990
1 14014
1 20473
1 20760
1 16047
1 16671
1 2954
1 20805
1 4712
1 14682
1 17487
1 2010
1 131
1 17159
1 17308
1 24368
1 18334
1 9659
1 15791
1 6265
1 11150
1 15283
1 13278
1 10276
1 13130
1 6683
1 13448
1 20217
1 12112
1 22910
1 8328
1 17401
1 1921
1 13292
1 6619
1 19468
1 10645
1 4519
1 9900
1 6055
1 9397
1 22390
1 15661
1 21470
1 6776
1 4595
1 22784
1 10276
1 1202
1 23920
1 13130
1 10251
1 6399
1 13898
1 18184
1 22122
1 23158
1 6849
1 2879
1 3956
1 6066
1 22516
1 17487
1 10838
1 6483
1 11257
1 20146
1 19228
1 21052
1 24894
1 24672
1 10627
1 22986
1 23515
1 24888
1 5214
1 6705
1 17860
1 11086
1 9264
1 14078
1 16649
1 144
1 16725
1 13036
1 20494
1 18440
1 15250
1 25709
1 5788
1 21860
1 5805
1 22777
1 16458
1 6173
1 13331
1 7982
1 22939
1 10760
1 7934
1 10095
1 3704
1 12189
1 2059
1 18696
1 18185
1 16175
1 2676
1 23540
1 21711
1 20671
1 17803
1 25218
1 277
1 3803
1 5882
1 16528
1 17561
1 1082
1 20538
1 9014
1 2960
1 11367
1 13220
1 21755
1 22889
1 9195
1 18354
1 6127
1 3871
1 17030
1 14088
1 16801
1 8739
1 11316
1 2754
1 969
1 6198
1 23506
1 9276
1 6810
1 17455
1 20288
1 7784
1 6719
1 2271
1 23832
1 24672
1 2478
1 6774
1 13578
1 12091
1 14697
1 6263
1 13803
1 13599
1 14574
1 25709
1 15783
1 14350
1 2005
1 9381
1 2533
1 15053
1 17745
1 8331
1 3356
1 460
1 10136
1 17700
1 318
1 18564
1 13858
1 23550
1 4970
1 21063
1 7444
1 8990
1 22425
1 21686
1 19654
1 920
1 11635
1 21142
1 145
1 22806
1 25465
1 13912
1 15808
1 8982
1 19889
1 10000
1 16988
1 4841
1 8331
1 16917
1 23941
1 17699
1 18538
1 6472
1 17794
1 712
1 4300
1 13050
1 2791
1 3259
1 12046
1 20237
1 6322
1 15284
1 23594
1 856
1 15103
1 16986
1 24431
1 21128
1 19470
1 24363
1 20391
1 24884
1 2041
1 21946
1 16260
1 5545
1 19072
1 5823
1 13666
1 24075
1 23507
1 10552
1 5727
1 118
1 24553
1 11530
1 15184
1 3958
1 4395
1 16142
1 19470
1 18572
1 22022
1 4192
1 831
1 25485
1 15688
1 843
1 23425
1 14469
1 10324
1 23743
1 4447
1 11299
1 11776
1 8038
1 12219
1 10515
1 2527
1 20698
1 21338
1 8762
1 3338
1 17887
1 24456
1 6516
1 15186
1 24955
1 954
1 3943
1 22145
1 21297
1 18485
1 5521
1 16683
1 20904
1 19013
1 13061
1 17539
1 20015
1 19511
1 3127
1 18052
1 20401
1 11773
1 22516
1 97
1 19959
1 9867
1 2619
1 13237
1 25588
1 15015
1 14688
1 12825
1 9741
1 10622
1 12667
1 8407
1 316
1 9461
1 3827
1 17502
1 17090
1 6775
1 23228
1 13056
1 23456
1 23300
1 12798
1 11446
1 22375
1 13341
1 2461
1 9119
1 16230
1 17360
1 12093
1 22881
1 12394
1 22442
1 4936
1 786
1 23157
1 15407
1 23618
1 7079
1 12841
1 13226
1 3218
1 19351
1 9572
1 14094
1 17487
1 19244
1 17650
1 23393
1 21669
1 25003
1 2140
1 16096
1 24663
1 13328
1 4728
1 8727
1 16826
1 7128
1 8298
1 15425
1 25193
1 10345
1 1370
1 18283
1 13751
1 5431
1 9981
1 12156
1 21580
1 17851
1 23273
1 6735
1 20993
1 22935
1 10097
1 8420
1 7634
1 24870
1 24553
1 23336
1 17487
1 13257
1 22889
1 4635
1 6462
1 23369
1 24363
1 15918
1 23337
1 25114
1 20602
1 9939
1 22953
1 14628
1 16573
1 9513
1 6865
1 10950
1 4447
1 24424
1 16587
1 13137
1 607
1 4728
1 715
1 23891
1 4419
1 18766
1 14093
1 18817
1 1413
1 9599
1 4921
1 2835
1 6037
1 7951
1 8322
1 16341
1 19715
1 18328
1 16889
1 11828
1 25225
1 24240
1 23260
1 2825
1 9571
1 4493
1 24395
1 7608
1 11022
1 24643
1 23542
1 13047
1 6167
1 7573
1 14153
1 5548
1 17710
1 22870
1 13465
1 10444
1 3905
1 24965
1 17124
1 1462
1 15514
1 891
1 5005
1 18579
1 21131
1 16591
1 10529
1 11824
1 16793
1 277
1 10990
1 19176
1 9826
1 17108
1 9160
1 12790
1 7241
1 1846
1 12636
1 19531
1 25453
1 7561
1 16319
1 2223
1 13992
1 13887
1 16523
1 2236
1 1975
1 9303
1 10669
1 9423
1 1281
1 3701
1 19862
1 5259
1 19372
1 7820
1 6395
1 8605
1 19124
1 5029
1 15542
1 17875
1 20695
1 18694
1 15483
1 16374
1 4645
1 9526
1 6352
1 18054
1 8217
1 18483
1 7848
1 13528
1 25701
1 7743
1 6079
1 19659
1 4434
1 12407
1 17906
1 3752
1 16458
1 23623
1 14881
1 786
1 21819
1 6033
1 14125
1 1200
1 7347
1 20718
1 9063
1 19818
1 23058
1 367
1 14855
1 19175
1 18792
1 14749
1 20407
1 6247
1 4397
1 25418
1 21545
1 15655
1 12756
1 674
1 6346
1 15829
1 11839
1 5905
1 9247
1 12009
1 25717
1 22516
1 3958
1 10429
1 22968
1 16213
1 14939
1 12736
1 18011
1 17517
1 17576
1 25189
1 20694
1 2791
1 24442
1 3298
1 21998
1 7381
1 22217
1 19218
1 25923
1 9668
1 10962
1 6455
1 17839
1 14156
1 20900
1 1588
1 19494
1 7570
1 4552
1 10816
1 25217
1 7368
1 7537
1 13085
1 9023
1 8532
1 1077
1 813
1 774
1 491
1 10197
1 24670
1 25440
1 5323
1 12289
1 16333
1 4961
1 23879
1 6914
1 3061
1 3511
1 15280
1 14744
1 8257
1 17273
1 23499
1 25551
1 10546
1 10096
1 13321
1 2674
1 12614
1 22129
1 20788
1 23336
1 3675
1 22170
1 20859
1 11448
1 18641
1 1506
1 16079
1 6937
1 24456
1 4728
1 2494
1 3936
1 3566
1 5240
1 18572
1 18310
1 15137
1 22388
1 19865
1 4805
1 25418
1 21159
1 19156
1 1823
1 1716
1 14181
1 11536
1 17407
1 1242
1 17363
1 15189
1 14467
1 23188
1 17453
1 17502
1 24427
1 18491
1 10990
1 5788
1 12769
1 9840
1 2990
1 5214
1 1414
1 15542
1 24813
1 18160
1 16351
1 13717
1 24064
1 12934
1 1012
1 11642
1 21106
1 15999
1 24191
1 14018
1 9652
1 15069
1 19588
1 2297
1 15628
1 10683
1 15608
1 20307
1 18454
1 22854
1 17013
1 3472
1 16995
1 12923
1 17125
1 19017
1 20961
1 22874
1 24401
1 21988
1 10017
1 3726
1 18226
1 2723
1 22631
1 20519
1 10167
1 8982
1 17376
1 10478
1 15894
1 8182
1 12076
1 1281
1 4847
1 10386
1 24116
1 9257
1 2739
1 13331
1 24017
1 13123
1 14140
1 25206
1 15446
1 11147
1 7604
1 2527
1 10324
1 11752
1 21417
1 5125
1 22157
1 3119
1 3291
1 8195
1 3135
1 12003
1 10947
1 11843
1 233
1 7314
1 4238
1 17934
1 20173
1 12007
1 4516
1 5992
1 15407
1 17036
1 15094
1 22349
1 11998
1 8982
1 10793
1 787
1 13717
1 25854
1 17895
1 287
1 24827
1 25643
1 10745
1 7935
1 25767
1 9524
1 3943
1 18119
1 19639
1 23215
1 13881
1 13399
1 25217
1 24088
1 9737
1 24394
1 23080
1 19345
1 2247
1 21681
1 7542
1 18212
1 15716
1 13564
1 1600
1 287
1 4052
1 17699
1 2304
1 22699
1 19254
1 7528
1 10203
1 11882
1 16567
1 746
1 2924
1 22505
1 24520
1 15862
1 25095
1 13078
1 13677
1 21053
1 71
1 21562
1 12079
1 22910
1 7359
1 11828
1 17305
1 459
1 25029
1 2248
1 18088
1 19465
1 6855
1 17487
1 4151
1 1817
1 14439
1 18977
1 21360
1 13444
1 13751
1 14107
1 7874
1 21745
1 16995
1 1041
1 21911
1 4833
1 23556
1 8024
1 14108
1 25968
1 8555
1 13394
1 18088
1 4243
1 11552
1 24258
1 21882
1 8753
1 4669
1 24786
1 13879
1 1586
1 3989
1 24570
1 12619
1 25717
1 21133
1 20900
1 23627
1 16589
1 15265
1 17107
1 15959
1 15054
1 12524
1 16941
1 25043
1 8914
1 13523
1 2737
1 20494
1 6410
1 19998
1 22340
1 17229
1 21006
1 3268
1 17387
1 1888
1 1823
1 77
1 23953
1 18758
1 530
1 22954
1 5518
1 1140
1 15136
1 6747
1 16287
1 20506
1 2526
1 3907
1 3920
1 746
1 906
1 15769
1 17926
1 3433
1 3386
1 20147
1 3014
1 21684
1 7444
1 16584
1 6880
1 15053
1 17787
1 25135
1 13065
1 1601
1 15472
1 24714
1 3480
1 3082
1 9483
1 16694
1 20985
1 2938
1 20248
1 25664
1 24374
1 12872
1 17477
1 18993
1 20725
1 17022
1 9973
1 7694
1 2762
1 10942
1 10036
1 8292
1 12736
1 3356
1 2478
1 13853
1 23580
1 6437
1 16371
1 8601
1 16694
1 15773
1 17056
1 21524
1 4430
1 20727
1 16694
1 80
1 13444
1 2638
1 23608
1 5111
1 21258
1 3041
1 25756
1 5891
1 24182
1 12796
1 3964
1 22418
1 8782
1 11021
1 17487
1 20300
1 14842
1 16955
1 15137
1 2565
1 20660
1 5479
1 16388
1 6667
1 3905
1 20859
1 13570
1 17487
1 10074
1 15275
1 19570
1 4660
1 6354
1 22390
1 2452
1 18311
1 8129
1 22918
1 24198
1 455
1 14600
1 21528
1 16191
1 25584
1 22539
1 9547
1 18328
1 23206
1 10942
1 20182
1 939
1 22976
1 11289
1 12614
1 13691
1 4358
1 25517
1 5589
1 11457
1 8257
1 2983
1 16169
1 21194
1 16408
1 21170
1 19164
1 17846
1 19879
1 23748
1 21765
1 20277
1 6790
1 23605
1 16807
1 14830
1 1131
1 2281
1 23605
1 5057
1 2048
1 7343
1 17674
1 25873
1 21833
1 15854
1 6071
1 24191
1 9574
1 13915
1 24878
1 11972
1 23419
1 7732
1 6226
1 20283
1 6013
1 22516
1 19559
1 12056
1 8795
1 10531
1 12675
1 13044
1 14572
1 145
1 21343
1 6354
1 19370
1 8038
1 23600
1 22189
1 4298
1 20998
1 10552
1 8982
1 15467
1 7190
1 1828
1 22889
1 4633
1 23960
1 25839
1 21234
1 22250
1 22213
1 8325
1 568
1 3202
1 6125
1 11867
1 9169
1 5590
1 2583
1 16125
1 22973
1 21252
1 16008
1 5909
1 7031
1 10731
1 8199
1 4103
1 23137
1 14065
1 20728
1 19254
1 640
1 7285
1 3336
1 12714
1 1365
1 12197
1 14666
1 13599
1 3511
1 18454
1 9725
1 12043
1 8865
1 305
1 12989
1 8577
1 3617
1 16793
1 17037
1 15619
1 13592
1 1483
1 10284
1 13916
1 25873
1 3742
1 13926
1 5155
1 19449
1 6107
1 1484
1 4493
1 213
1 24476
1 17610
1 6774
1 24955
1 3865
1 24191
1 23076
1 11438
1 9021
1 24031
1 481
1 22212
1 22233
1 17644
1 2681
1 7510
1 7732
1 17385
1 6413
1 17568
1 5571
1 19940
1 19590
1 21191
1 4135
1 5079
1 18571
1 19865
1 2567
1 5221
1 12846
1 4930
1 24426
1 15750
1 19925
1 11068
1 17822
1 7655
1 2747
1 10038
1 13751
1 1981
1 10847
1 10205
1 4382
1 24322
1 17487
1 6458
1 25633
1 4782
1 23581
1 1861
1 25336
1 7787
1 3757
1 22516
1 13066
1 11469
1 5030
1 12852
1 21612
1 15053
1 16996
1 10276
1 25043
1 12541
1 25242
1 18842
1 10689
1 25282
1 23154
1 5259
1 9526
1 811
1 2719
1 2383
1 2517
1 20859
1 17997
1 4810
1 16544
1 22124
1 23947
1 20899
1 1600
1 138
1 24633
1 21020
1 16950
1 9355
1 16771
1 13844
1 5891
1 253
1 8774
1 4722
1 11099
1 21702
1 447
1 19111
1 20694
1 2835
1 6923
1 18555
1 2991
1 16495
1 17636
1 7407
1 4196
1 17007
1 8074
1 6282
1 134
1 10311
1 21457
1 1620
1 24823
1 15426
1 4050
1 1192
1 9778
1 10337
1 3648
1 23507
1 16986
1 21215
1 19013
1 12236
1 20960
1 12614
1 10648
1 5788
1 12418
1 25638
1 20309
1 21151
1 11330
1 8997
1 3271
1 13358
1 8117
1 25643
1 15784
1 3511
1 98
1 6070
1 17405
1 9386
1 4936
1 25374
1 1555
1 7120
1 5756
1 869
1 11189
1 13501
1 1634
1 23107
1 7869
1 6618
1 8865
1 11402
1 16891
1 17622
1 12627
1 12607
1 13198
1 15776
1 5788
1 5625
1 9003
1 3985
1 14898
1 2938
1 11000
1 8710
1 15289
1 19548
1 22330
1 9936
1 20806
1 16682
1 22233
1 3021
1 20081
1 18536
1 25151
1 3356
1 21024
1 5684
1 19590
1 22184
1 8091
1 23242
1 3546
1 6092
1 14338
1 6038
1 13881
1 10026
1 5982
1 1506
1 11934
1 9222
1 8558
1 16297
1 23249
1 13599
1 16343
1 2059
1 23794
1 1677
1 18420
1 15107
1 11841
1 23593
1 16485
1 20276
1 7242
1 5259
1 2248
1 4101
1 23401
1 2252
1 22007
1 3314
1 12818
1 400
1 25709
1 9090
1 12342
1 20287
1 507
1 4728
1 1052
1 24111
1 2980
1 14605
1 6322
1 12958
1 12697
1 16557
1 2493
1 7955
1 138
1 22028
1 11539
1 20802
1 12160
1 12377
1 51
1 11661
1 8707
1 1302
1 17796
1 456
1 22634
1 22749
1 20228
1 8299
1 15477
1 6132
1 10195
1 14779
1 19362
1 4457
1 9741
1 2821
1 10371
1 10584
1 24912
1 24651
1 13229
1 13643
1 25347
1 3871
1 17183
1 4575
1 4625
1 6205
1 24534
1 19301
1 25251
1 21119
1 24432
1 21981
1 17487
1 24561
1 38
1 2233
1 14426
1 12747
1 23055
1 11988
1 9294
1 20213
1 3687
1 13855
1 6774
1 1461
1 4488
1 4604
1 6649
1 13270
1 14461
1 13789
1 3187
1 3898
1 3536
1 15392
1 2692
1 17487
1 4638
1 12598
1 4552
1 85
1 25477
1 5177
1 25518
1 478
1 8435
1 12918
1 1188
1 4161
1 23947
1 7408
1 2734
1 7731
1 8397
1 10303
1 10760
1 8257
1 20390
1 1733
1 22119
1 3879
1 13867
1 16351
1 18143
1 4214
1 19005
1 7164
1 10815
1 21577
1 15137
1 272
1 16727
1 15716
1 5606
1 21490
1 8803
1 714
1 5295
1 17196
1 7421
1 20270
1 12983
1 9894
1 17953
1 11098
1 9640
1 5891
1 12342
1 9903
1 23846
1 672
1 8101
1 10609
1 15974
1 9
1 18878
1 6908
1 13482
1 1870
1 21699
1 15953
1 15791
1 15606
1 3356
1 23400
1 17102
1 2172
1 10614
1 25001
1 5081
1 19015
1 21465
1 10577
1 9535
1 5853
1 15545
1 18116
1 2676
1 13861
1 21827
1 14969
1 16793
1 15277
1 6217
1 19091
1 9007
1 8677
1 10942
1 25214
1 11022
1 19353
1 5424
1 22777
1 20847
1 15407
1 13950
1 13430
1 5397
1 25928
1 9523
1 14967
1 10817
1 12007
1 10324
1 11929
1 153
1 6891
1 11759
1 3601
1 21754
1 6808
1 3561
1 19941
1 21860
1 25940
1 19159
1 24847
1 7731
1 758
1 12069
1 22750
1 5065
1 19345
1 7266
1 18334
1 4422
1 4627
1 9913
1 4997
1 4754
1 21665
1 2567
1 13881
1 2067
1 25096
1 19332
1 14648
1 9268
1 23746
1 25418
1 1602
1 23341
1 23288
1 8748
1 2553
1 4007
1 11257
1 24142
1 3882
1 22488
1 12786
1 16868
1 25297
1 17500
1 14914
1 2322
1 269
1 24608
1 5750
1 6781
1 9538
1 5773
1 2931
1 16966
1 19306
1 9571
1 14472
1 5582
1 16591
1 370
1 3898
1 2725
1 13218
1 18987
1 25422
1 19111
1 23643
1 6613
1 12342
1 25853
1 8982
1 18975
1 15507
1 13599
1 144
1 24055
1 13420
1 2248
1 12393
1 21374
1 968
1 19081
1 17674
1 23281
1 14941
1 18682
1 24662
1 10748
1 12544
1 25736
1 22233
1 2177
1 15749
1 20015
1 10135
1 533
1 19373
1 20884
1 6928
1 17622
1 18328
1 1785
1 19000
1 5285
1 3303
1 22390
1 6637
1 16793
1 12770
1 8328
1 11114
1 16408
1 15321
1 7758
1 2433
1 7279
1 20205
1 25633
1 7447
1 12076
1 14381
1 14258
1 14075
1 10410
1 24519
1 12915
1 10698
1 21012
1 24070
1 12189
1 7338
1 12642
1 21403
1 8292
1 25031
1 21167
1 21909
1 21612
1 18342
1 22816
1 12913
1 15988
1 13778
1 18977
1 16771
1 6328
1 4626
1 13171
1 17802
1 18319
1 23055
1 19458
1 7482
1 9853
1 3357
1 2655
1 24530
1 23242
1 18194
1 21932
1 15407
1 3554
1 19139
1 15615
1 24898
1 5878
1 17704
1 23290
1 20026
1 5372
1 19345
1 16567
1 14009
1 16627
1 22605
1 6270
1 15894
1 5163
1 5572
1 18585
1 567
1 5109
1 14745
1 20114
1 11093
1 15615
1 11728
1 9811
1 15611
1 15823
1 23886
1 25220
1 8189
1 10305
1 19865
1 25107
1 5865
1 21645
1 13303
1 14258
1 7548
1 25305
1 17924
1 23046
1 9329
1 19751
1 1198
1 3149
1 7083
1 6916
1 17487
1 24264
1 13858
1 22670
1 17487
1 4899
1 24321
1 14687
1 22352
1 7475
1 5891
1 17903
1 11685
1 13622
1 17940
1 18740
1 4447
1 23555
1 25303
1 22505
1 14161
1 13454
1 24431
1 15415
1 22198
1 11936
1 18925
1 14108
1 2569
1 2478
1 12025
1 15184
1 20095
1 10990
1 9222
1 3138
1 24647
1 19720
1 7392
1 17487
1 1908
1 22780
1 25577
1 7015
1 1582
1 18499
1 19745
1 138
1 17487
1 17487
1 11337
1 24116
1 15615
1 12110
1 25184
1 23313
1 18166
1 20858
1 22410
1 24791
1 25619
1 2629
1 12137
1 23472
1 16018
1 3676
1 11715
1 13032
1 8275
1 5977
1 13137
1 20007
1 15407
1 9127
1 24579
1 19267
1 19633
1 10800
1 12679
1 11438
1 22350
1 5755
1 12025
1 21331
1 5491
1 20710
1 12415
1 25382
1 25873
1 20654
1 16919
1 2203
1 23571
1 24904
1 23540
1 25160
1 11411
1 13388
1 22889
1 13599
1 9350
1 44
1 471
1 2137
1 7722
1 20137
1 11398
1 16083
1 22802
1 93
1 16056
1 9242
1 15615
1 15477
1 684
1 14751
1 21214
1 6629
1 11628
1 15934
1 23109
1 21592
1 23405
1 11890
1 2409
1 25709
1 1244
1 10117
1 18141
1 2469
1 10883
1 13604
1 13541
1 12070
1 7995
1 25604
1 11839
1 6421
1 11173
1 6901
1 2944
1 10788
1 5665
1 22610
1 23006
1 22589
1 18620
1 2853
1 8707
1 18006
1 7171
1 16891
1 5095
1 21282
1 17056
1 6315
1 15788
1 2520
1 15439
1 4802
1 20198
1 8387
1 19016
1 18419
1 22211
1 3040
1 114
1 10877
1 2056
1 11881
1 24401
1 1414
1 23178
1 11905
1 193
1 200
1 2603
1 10951
1 17071
1 7955
1 11908
1 153
1 9136
1 17305
1 5665
1 9222
1 3582
1 7041
1 25029
1 18011
1 2753
1 22204
1 3386
1 18537
1 9261
1 1292
1 22889
1 2252
1 17487
1 3498
1 10773
1 9678
1 5788
1 6914
1 24348
1 17814
1 24091
1 20823
1 17239
1 13926
1 7568
1 4432
1 4403
1 10990
1 14536
1 13599
1 13161
1 18948
1 12706
1 8468
1 3892
1 20680
1 16311
1 25057
1 16123
1 17179
1 851
1 13328
1 22229
1 12057
1 17887
1 13142
1 20710
1 10117
1 11345
1 13346
1 11279
1 5173
1 10286
1 12236
1 9853
1 25550
1 24377
1 12039
1 23578
1 21600
1 18568
1 23169
1 1181
1 9423
1 19854
1 4111
1 17658
1 12459
1 9853
1 9285
1 24083
1 7472
1 2531
1 13778
1 19748
1 18306
1 21650
1 7591
1 15574
1 1053
1 7147
1 5202
1 4699
1 15764
1 20936
1 9664
1 24310
1 10040
1 7447
1 24672
1 6659
1 4581
1 1823
1 8420
1 9222
1 24401
1 13012
1 14461
1 2637
1 145
1 2508
1 21196
1 11015
1 9535
1 2853
1 13261
1 23540
1 17036
1 7900
1 5933
1 23879
1 13364
1 7285
1 24567
1 10800
1 4423
1 15810
1 17738
1 13389
1 17364
1 543
1 4335
1 14968
1 2457
1 21681
1 1232
1 8960
1 10229
1 2232
1 8150
1 21938
1 6354
1 25015
1 3290
1 16641
1 24431
1 18605
1 17487
1 9426
1 20648
1 6154
1 9222
1 8299
1 4046
1 18804
1 8145
1 6672
1 11934
1 9222
1 18304
1 4397
1 3092
1 18536
1 16625
1 2613
1 5485
1 25233
1 4622
1 1731
1 25215
1 11095
1 20337
1 12550
1 14900
1 5764
1 13197
1 9136
1 18613
1 7744
1 19143
1 15982
1 14402
1 11713
1 12598
1 16806
1 4910
1 15862
1 16909
1 4395
1 24226
1 15632
1 13192
1 4019
1 25663
1 11022
1 336
1 18711
1 24887
1 255
1 1506
1 17913
1 1534
1 6877
1 4764
1 15854
1 13033
1 2430
1 15137
1 9571
1 11144
1 25057
1 21373
1 25825
1 24626
1 11569
1 1065
1 25861
1 24564
1 19190
1 6198
1 6325
1 21627
1 25382
1 6161
1 25886
1 3418
1 25191
1 6742
1 18259
1 1344
1 2527
1 3557
1 14760
1 21891
1 10523
1 20769
1 18185
1 16729
1 2177
1 25873
1 19701
1 9401
1 16114
1 13600
1 5080
1 8383
1 2671
1 17895
1 21229
1 22458
1 23593
1 24225
1 18033
1 24650
1 5460
1 18500
1 22695
1 265
1 21191
1 7164
1 15046
1 19190
1 23927
1 17491
1 1193
1 15234
1 21147
1 19586
1 7373
1 17660
1 11128
1 15168
1 14802
1 20119
1 7526
1 11507
1 11777
1 4008
1 22062
1 15210
1 10942
1 24975
1 11984
1 715
1 8931
1 17185
1 1761
1 9820
1 18402
1 15017
1 13044
1 17196
1 17487
1 21681
1 9574
1 13992
1 2468
1 9203
1 9222
1 8567
1 5756
1 8164
1 19589
1 23929
1 21170
1 16706
1 5565
1 4718
1 14194
1 17699
1 12091
1 8294
1 21998
1 849
1 21051
1 8628
1 13982
1 24395
1 24446
1 21862
1 14681
1 21827
1 7824
1 418
1 19590
1 638
1 10011
1 400
1 2172
1 18866
1 21417
1 2829
1 20777
1 23300
1 16826
1 10324
1 5086
1 3741
1 17487
1 4100
1 22793
1 8730
1 7180
1 12614
1 15462
1 3831
1 3301
1 2389
1 12231
1 24764
1 19015
1 23460
1 13021
1 24166
1 3927
1 5754
1 13130
1 1099
1 1490
1 13529
1 19105
1 13128
1 2642
1 18034
1 9432
1 19105
1 15384
1 4324
1 11449
1 17487
1 17487
1 2453
1 2034
1 13713
1 11530
1 9526
1 19638
1 10736
1 18946
1 3907
1 5332
1 22027
1 8223
1 24856
1 14119
1 399
1 6774
1 4561
1 23524
1 20324
1 21607
1 13275
1 15832
1 20090
1 12532
1 7351
1 3080
1 23055
1 13910
1 15618
1 3829
1 3559
1 9982
1 23468
1 7732
1 19774
1 9572
1 1506
1 9028
1 13207
1 13570
1 20427
1 17055
1 5165
1 25199
1 19959
1 18049
1 11270
1 14500
1 16945
1 10374
1 8399
1 25097
1 25682
1 4602
1 24046
1 6870
1 20275
1 23055
1 24856
1 21095
1 19735
1 12890
1 2527
1 23100
1 23055
1 1374
1 23356
1 22908
1 9688
1 13749
1 8331
1 17864
1 24637
1 20468
1 8482
1 20364
1 14269
1 4340
1 14251
1 19946
1 25665
1 11530
1 9571
1 23681
1 23898
1 19330
1 11314
1 16694
1 22434
1 23781
1 21353
1 20369
1 17644
1 13816
1 6198
1 13117
1 17846
1 19183
1 21827
1 20762
1 6066
1 19923
1 3798
1 16792
1 1229
1 16026
1 14960
1 18630
1 21982
1 11128
1 11640
1 8331
1 3041
1 16154
1 10811
1 25643
1 20740
1 7783
1 3084
1 13751
1 13706
1 1645
1 3511
1 25796
1 13879
1 3354
1 21103
1 15635
1 12917
1 18630
1 24608
1 2909
1 22564
1 1888
1 12680
1 9778
1 14402
1 9571
1 18444
1 24142
1 11438
1 1562
1 10025
1 24639
1 6701
1 14252
1 5310
1 19803
1 15202
1 3505
1 22889
1 19926
1 4650
1 11006
1 9689
1 9355
1 15149
1 9120
1 17646
1 726
1 9923
1 1707
1 17229
1 19590
1 9830
1 8975
1 16557
1 8803
1 16826
1 204
1 11747
1 5175
1 17500
1 1905
1 5518
1 6774
1 17494
1 1164
1 1643
1 18682
1 1919
1 15285
1 13599
1 10061
1 3911
1 6612
1 16311
1 25873
1 6127
1 20500
1 23393
1 951
1 21681
1 10461
1 22245
1 19803
1 11534
1 2275
1 3183
1 523
1 19703
1 5247
1 16945
1 9222
1 14252
1 10779
1 9613
1 16506
1 9526
1 15580
1 5913
1 10160
1 13823
1 17003
1 18328
1 13926
1 21987
1 9747
1 20593
1 17284
1 19926
1 14939
1 52
1 4055
1 14726
1 7778
1 46
1 18980
1 16502
1 3618
1 24427
1 22516
1 4360
1 13537
1 400
1 2003
1 1237
1 18532
1 17984
1 8292
1 2478
1 7637
1 25924
1 12582
1 2572
1 24398
1 10411
1 15632
1 5325
1 9175
1 196
1 10989
1 24938
1 12214
1 5992
1 8820
1 15615
1 9571
1 9143
1 3016
1 423
1 2660
1 19345
1 16541
1 19494
1 6366
1 15209
1 4574
1 9741
1 19574
1 336
1 19092
1 4067
1 19672
1 6181
1 15408
1 12164
1 13724
1 4458
1 10989
1 1674
1 2671
1 7584
1 3609
1 16021
1 23419
1 9526
1 10436
1 11530
1 11104
1 1461
1 24344
1 10589
1 365
1 21711
1 17185
1 22111
1 22922
1 19370
1 18270
1 22548
1 10920
1 18432
1 4780
1 5306
1 13143
1 9357
1 15193
1 7825
1 7970
1 18402
1 8929
1 11339
1 19038
1 20460
1 6619
1 19754
1 7272
1 24060
1 25478
1 15830
1 10942
1 5952
1 4754
1 24454
1 7333
1 24035
1 18952
1 13879
1 16393
1 23120
1 18737
1 15543
1 2233
1 23832
1 17581
1 15693
1 10468
1 24987
1 16694
1 16821
1 19345
1 5441
1 15509
1 3580
1 16319
1 24234
1 14770
1 7721
1 13926
1 11530
1 6038
1 20146
1 9873
1 9864
1 24561
1 4101
1 772
1 9222
1 10209
1 17487
1 16114
1 6567
1 3983
1 118
1 10526
1 4261
1 11460
1 17436
1 19533
1 17672
1 10942
1 18161
1 16500
1 15760
1 2483
1 16694
1 18500
1 21169
1 25215
1 24764
1 19842
1 4976
1 12552
1 18323
1 5668
1 13957
1 1581
1 24236
1 4713
1 19487
1 8352
1 15637
1 9063
1 15404
1 8620
1 16007
1 13505
1 19157
1 25265
1 2957
1 638
1 14744
1 20064
1 21687
1 21417
1 16234
1 16115
1 7701
1 22632
1 23828
1 15073
1 873
1 24280
1 17710
1 24398
1 8470
1 21925
1 22082
1 15334
1 25873
1 10305
1 18420
1 4297
1 14007
1 3429
1 4761
1 19544
1 4754
1 25555
1 25873
1 17434
1 24985
1 16855
1 16959
1 218
1 12091
1 2003
1 6675
1 16311
1 24880
1 12189
1 8245
1 954
1 13196
1 9934
1 6487
1 16408
1 14700
1 13599
1 6663
1 12519
1 6181
1 21082
1 21614
1 15839
1 12533
1 23740
1 18133
1 24956
1 2674
1 14198
1 8441
1 20680
1 20064
1 17991
1 25423
1 5665
1 23419
1 9629
1 7181
1 138
1 18911
1 20593
1 17449
1 19015
1 15873
1 22868
1 3386
1 1045
1 18157
1 4386
1 9222
1 5548
1 23864
1 15309
1 14066
1 14941
1 13171
1 17858
1 21381
1 24617
1 15339
1 12407
1 10274
1 7364
1 21672
1 22027
1 25337
1 16035
1 13556
1 11953
1 25289
1 19590
1 25693
1 14554
1 15664
1 2551
1 10401
1 14646
1 1003
1 8810
1 102
1 22889
1 24158
1 24456
1 1332
1 21986
1 17179
1 18351
1 645
1 25225
1 11757
1 8374
1 14193
1 13998
1 832
1 6585
1 20611
1 4084
1 16840
1 13037
1 8143
1 3303
1 12428
1 8971
1 3533
1 22114
1 21503
1 11728
1 25215
1 22003
1 16793
1 21765
1 22889
1 14008
1 19548
1 23230
1 11517
1 3554
1 19774
1 15783
1 3624
1 16242
1 14744
1 15447
1 25448
1 406
1 3119
1 15053
1 25768
1 25643
1 18216
1 18639
1 17108
1 15615
1 2322
1 13194
1 24142
1 19531
1 25934
1 20434
1 13599
1 19517
1 8929
1 18907
1 23559
1 12620
1 19244
1 3918
1 14403
1 24959
1 8023
1 865
1 14673
1 11804
1 18842
1 14020
1 15995
1 19362
1 283
1 23306
1 6969
1 6641
1 20770
1 19935
1 1481
1 24962
1 7496
1 1667
1 4719
1 7874
1 25825
1 8576
1 9850
1 9370
1 1423
1 4947
1 21794
1 20307
1 5038
1 13510
1 13319
1 14026
1 21162
1 19139
1 6774
1 38
1 13968
1 4416
1 4533
1 23186
1 16456
1 23849
1 14682
1 23925
1 271
1 15163
1 21792
1 15094
1 23617
1 15612
1 14005
1 12597
1 24494
1 25734
1 24825
1 23590
1 3655
1 20800
1 18976
1 14412
1 23055
1 21355
1 4754
1 932
1 6656
1 5840
1 23987
1 2457
1 22648
1 20138
1 24427
1 13875
1 18604
1 6532
1 23898
1 14687
1 6226
1 7482
1 12172
1 19729
1 22854
1 3704
1 25576
1 12219
1 8483
1 23380
1 13034
1 9329
1 13318
1 12012
1 1427
1 16291
1 20948
1 3231
1 11022
1 4133
1 2571
1 17487
1 9222
1 1893
1 17924
1 10920
1 21305
1 16793
1 22601
1 19470
1 17831
1 20421
1 15317
1 25493
1 4937
1 18215
1 13900
1 16941
1 1280
1 2858
1 6296
1 3363
1 21500
1 7839
1 24638
1 1367
1 20452
1 8103
1 12099
1 2627
1 3588
1 23550
1 8114
1 4223
1 19092
1 4360
1 23897
1 2381
1 7084
1 12607
1 3892
1 24377
1 19494
1 19595
1 24996
1 24377
1 1259
1 21713
1 7744
1 3803
1 9574
1 2762
1 12096
1 11314
1 11370
1 21392
1 24427
1 8959
1 22480
1 10751
1 17553
1 18082
1 14003
1 4035
1 12215
1 18741
1 390
1 7584
1 16455
1 19078
1 7085
1 18015
1 18518
1 19909
1 2679
1 16827
1 2611
1 9953
1 6617
1 9152
1 1506
1 23473
1 22204
1 17036
1 24533
1 10485
1 23703
1 3108
1 1823
1 2502
1 11022
1 23113
1 17846
1 21998
1 17924
1 18358
1 22685
1 2236
1 21673
1 17535
1 8437
1 12312
1 20664
1 13465
1 19638
1 23408
1 7584
1 22889
1 18095
1 6455
1 3883
1 5950
1 6198
1 13135
1 8707
1 3883
1 2471
1 18532
1 24967
1 16389
1 64
1 6181
1 18613
1 16780
1 5163
1 8237
1 1588
1 1605
1 13409
1 1506
1 18608
1 15857
1 22405
1 10916
1 24263
1 3675
1 8815
1 14670
1 3131
1 8830
1 11769
1 4747
1 1817
1 4710
1 10238
1 10646
1 25502
1 21204
1 10725
1 8449
1 11146
1 2007
1 8172
1 13998
1 786
1 15069
1 1608
1 6629
1 21036
1 16345
1 18847
1 19105
1 3029
1 18494
1 5611
1 15615
1 11279
1 7941
1 25749
1 13751
1 20569
1 9150
1 12526
1 18328
1 11008
1 19294
1 2671
1 4873
1 16719
1 14511
1 24567
1 2136
1 1195
1 22889
1 16846
1 24455
1 4712
1 25936
1 3282
1 2131
1 984
1 14669
1 18795
1 5375
1 8776
1 6705
1 8939
1 20765
1 1562
1 23449
1 21771
1 23355
1 15862
1 20093
1 16447
1 24432
1 14814
1 5550
1 7430
1 21683
1 23952
1 1474
1 14167
1 12359
1 17501
1 25144
1 6694
1 15414
1 19455
1 22348
1 17021
1 915
1 18909
1 21529
1 15258
1 24838
1 1339
1 5460
1 1644
1 17289
1 5803
1 9521
1 23976
1 23787
1 8407
1 14289
1 5548
1 21025
1 22466
1 7561
1 2583
1 12680
1 6949
1 9876
1 5030
1 11069
1 3901
1 24035
1 12893
1 19649
1 20544
1 21828
1 828
1 10796
1 8820
1 23802
1 24900
1 1823
1 11448
1 9543
1 19387
1 17278
1 22702
1 20468
1 24771
1 24435
1 12627
1 23044
1 21630
1 8059
1 15615
1 14912
1 6401
1 7761
1 18763
1 14094
1 10305
1 24638
1 16976
1 8459
1 4061
1 16687
1 11662
1 16260
1 8966
1 5750
1 3918
1 18282
1 14646
1 3635
1 3905
1 17759
1 23945
1 23932
1 16694
1 11242
1 3583
1 17107
1 15258
1 25229
1 19775
1 225
1 14066
1 22233
1 8241
1 15538
1 6052
1 10117
1 18669
1 9014
1 10800
1 23856
1 13327
1 8143
1 5955
1 7028
1 13444
1 23947
1 2395
1 14039
1 5527
1 22014
1 784
1 22027
1 3755
1 8620
1 10107
1 15075
1 22988
1 1823
1 4177
1 18956
1 11335
1 2003
1 21702
1 9601
1 9222
1 15255
1 5217
1 18967
1 904
1 1769
1 16986
1 19042
1 13559
1 19917
1 15055
1 10584
1 23191
1 18859
1 400
1 25633
1 18956
1 2481
1 10055
1 856
1 25473
1 13019
1 3996
1 22159
1 8916
1 22960
1 12112
1 16951
1 22233
1 8908
1 7209
1 21578
1 21170
1 14548
1 21077
1 9753
1 3882
1 24099
1 16557
1 14461
1 15720
1 4656
1 25103
1 9240
1 11083
1 19683
1 25183
1 4268
1 17393
1 637
1 1528
1 17913
1 2003
1 24013
1 20177
1 4504
1 10481
1 6171
1 6771
1 849
1 14517
1 18156
1 8534
1 14904
1 10459
1 14606
1 15809
1 11483
1 20750
1 13350
1 24100
1 8715
1 19736
1 21998
1 24557
1 2923
1 2700
1 13190
1 15340
1 9970
1 13171
1 9014
1 813
1 5238
1 15019
1 23254
1 8576
1 3989
1 22027
1 14255
1 25153
1 12025
1 24553
1 6208
1 21852
1 12115
1 16254
1 16254
1 2719
1 2233
1 7744
1 6038
1 22434
1 10107
1 16456
1 4844
1 16675
1 21508
1 19867
1 23377
1 15791
1 16697
1 8628
1 24888
1 21986
1 3041
1 3175
1 3339
1 23075
1 11530
1 13584
1 18637
1 6914
1 7268
1 22716
1 3201
1 13619
1 23158
1 19659
1 857
1 12620
1 12588
1 19458
1 1414
1 2087
1 17621
1 7747
1 16021
1 9014
1 24286
1 13434
1 14065
1 23559
1 12099
1 3625
1 3131
1 23646
1 80
1 13935
1 6825
1 8245
1 8571
1 18960
1 10301
1 11003
1 4569
1 1608
1 1826
1 22889
1 21618
1 17968
1 3736
1 19478
1 16175
1 12619
1 15343
1 20206
1 3131
1 2898
1 21876
1 10254
1 7544
1 15895
1 15341
1 7180
1 3386
1 15407
1 25017
1 7368
1 24527
1 24052
1 8258
1 25597
1 16571
1 14914
1 21232
1 10854
1 16137
1 23245
1 10942
1 2855
1 23696
1 2607
1 2762
1 12689
1 20070
1 25015
1 193
1 19747
1 22574
1 22132
1 4883
1 5505
1 4015
1 25932
1 17850
1 63
1 1608
1 5661
1 629
1 13675
1 6421
1 13881
1 19865
1 14676
1 13906
1 22731
1 13559
1 23709
1 1293
1 16567
1 9196
1 10254
1 25033
1 23174
1 10513
1 15926
1 13578
1 8407
1 12025
1 4310
1 477
1 25486
1 12207
1 24582
1 21682
1 11577
1 8381
1 2171
1 8556
1 1456
1 9416
1 8552
1 24116
1 6879
1 3511
1 3301
1 25482
1 19125
1 19011
1 2802
1 1588
1 14108
1 10984
1 16599
1 20494
